type	latitude	longitude	altitude (m)	name	desc
T	39.483596918	-0.631099475	149.1	Valencia Inner	
T	39.485798134	-0.626985682	146.4		
T	39.486021299	-0.626569456	144.7		
T	39.486096277	-0.626434545	144.2		
T	39.486142955	-0.626350461	143.8		
T	39.486184066	-0.626289630	143.5		
T	39.486226542	-0.626243443	143.3		
T	39.486286608	-0.626192409	142.8		
T	39.486342140	-0.626155302	142.5		
T	39.486399515	-0.626129272	142.2		
T	39.486450375	-0.626109815	142.2		
T	39.486531098	-0.626094763	142.5		
T	39.486604131	-0.626094957	142.7		
T	39.486669605	-0.626102677	143.0		
T	39.486838823	-0.626177553	143.7		
T	39.488597359	-0.627105650	147.6		
T	39.489135549	-0.627385769	146.4		
T	39.489229546	-0.627446217	147.0		
T	39.489276196	-0.627482516	147.6		
T	39.489332252	-0.627535595	148.6		
T	39.489367667	-0.627580672	149.3		
T	39.489386816	-0.627625712	149.7		
T	39.489394578	-0.627685943	150.1		
T	39.489395442	-0.627753236	150.4		
T	39.489394805	-0.627806833	150.6		
T	39.489386730	-0.627857810	150.7		
T	39.489361166	-0.627909136	150.7		
T	39.489318003	-0.627960449	150.6		
T	39.489265175	-0.627981514	150.3		
T	39.489174510	-0.628000927	149.7		
T	39.489006172	-0.628018047	148.7		
T	39.488297704	-0.628158856	147.1		
T	39.488196911	-0.628179970	147.3		
T	39.488150873	-0.628187609	147.3		
T	39.488120506	-0.628191010	147.4		
T	39.488090901	-0.628191183	147.4		
T	39.488051239	-0.628185112	147.5		
T	39.488016785	-0.628173859	147.4		
T	39.487984516	-0.628156658	147.4		
T	39.487894360	-0.628076936	147.3		
T	39.487760987	-0.627935422	146.9		
T	39.487001796	-0.627140523	149.4		
T	39.486946010	-0.627094374	149.5		
T	39.486903882	-0.627070731	149.5		
T	39.486853187	-0.627054557	149.5		
T	39.486805841	-0.627047791	149.6		
T	39.486772335	-0.627047229	149.6		
T	39.486733654	-0.627057710	149.7		
T	39.486684299	-0.627079871	149.9		
T	39.486636753	-0.627125449	150.3		
T	39.486104565	-0.628024637	146.2		
T	39.486015220	-0.628203923	146.5		
T	39.485988001	-0.628283457	146.8		
T	39.485972435	-0.628352532	147.1		
T	39.485961558	-0.628422616	147.3		
T	39.485958729	-0.628492836	147.6		
T	39.485959410	-0.628554431	147.9		
T	39.485966007	-0.628618111	148.0		
T	39.485978366	-0.628688519	147.8		
T	39.486000575	-0.628763584	147.6		
T	39.486035086	-0.628846977	147.3		
T	39.486075897	-0.628919217	147.2		
T	39.486111158	-0.628970320	147.3		
T	39.486158893	-0.629020789	147.4		
T	39.486210672	-0.629065274	147.5		
T	39.486252762	-0.629091272	147.6		
T	39.486303527	-0.629116441	147.7		
T	39.486348580	-0.629134071	147.8		
T	39.486438206	-0.629152847	147.9		
T	39.487389633	-0.629157094	148.4		
T	39.488075004	-0.629162951	150.1		
T	39.488185041	-0.629165055	150.5		
T	39.488231921	-0.629178069	150.7		
T	39.488275197	-0.629196014	150.9		
T	39.488315986	-0.629222108	151.1		
T	39.488344752	-0.629247128	151.3		
T	39.488385526	-0.629294939	151.5		
T	39.488410087	-0.629336840	151.8		
T	39.488433384	-0.629380814	152.0		
T	39.488447076	-0.629426315	152.3		
T	39.488457880	-0.629487918	152.7		
T	39.488458119	-0.629559681	153.2		
T	39.488454954	-0.629650221	153.8		
T	39.488447315	-0.629697752	154.1		
T	39.488433076	-0.629750404	154.4		
T	39.488406601	-0.629819910	155.0		
T	39.487996906	-0.630560696	156.6		
T	39.487133210	-0.632171457	158.6		
T	39.487004685	-0.632415180	158.7		
T	39.486952646	-0.632506052	158.2		
T	39.486917246	-0.632563687	158.4		
T	39.486880290	-0.632611051	158.6		
T	39.486849953	-0.632647590	158.7		
T	39.486796595	-0.632698697	158.7		
T	39.486733243	-0.632748297	158.4		
T	39.486580175	-0.632870466	159.1		
T	39.485773795	-0.633526341	161.6		
T	39.485683250	-0.633586391	160.9		
T	39.485617603	-0.633610321	160.4		
T	39.485550050	-0.633623974	160.1		
T	39.485481413	-0.633618026	160.1		
T	39.485424907	-0.633600691	160.0		
T	39.485359539	-0.633564258	159.9		
T	39.485297936	-0.633516456	159.7		
T	39.485240154	-0.633439463	159.4		
T	39.485200448	-0.633367926	159.1		
T	39.485161012	-0.633249222	158.7		
T	39.485139888	-0.633156043	158.4		
T	39.485140583	-0.633060333	158.0		
T	39.485158052	-0.632948766	157.4		
T	39.485187550	-0.632847546	157.0		
T	39.485231820	-0.632743857	156.7		
T	39.485485701	-0.632212496	156.7		
T	39.485626122	-0.631941541	155.7		
T	39.485726055	-0.631797993	155.4		
T	39.485795546	-0.631717601	155.1		
T	39.485879679	-0.631654315	155.0		
T	39.485955018	-0.631620764	154.9		
T	39.486103349	-0.631578935	154.7		
T	39.486383328	-0.631504067	155.4		
T	39.486561176	-0.631486344	157.0		
T	39.486652918	-0.631483691	157.9		
T	39.486713059	-0.631475631	158.0		
T	39.486769102	-0.631443441	158.0		
T	39.486814846	-0.631411411	158.0		
T	39.486863878	-0.631369831	158.0		
T	39.486911821	-0.631317629	158.0		
T	39.486978222	-0.631218148	157.9		
T	39.487112484	-0.630957652	156.6		
T	39.487272187	-0.630639442	154.7		
T	39.487320921	-0.630534808	154.2		
T	39.487343472	-0.630467513	153.8		
T	39.487360496	-0.630395443	153.3		
T	39.487365030	-0.630324390	152.8		
T	39.487362765	-0.630247290	152.4		
T	39.487349133	-0.630167297	152.1		
T	39.487329011	-0.630106836	151.8		
T	39.487303866	-0.630049396	151.5		
T	39.487269471	-0.629992665	151.2		
T	39.487237343	-0.629951485	151.0		
T	39.487199040	-0.629915094	151.0		
T	39.487162642	-0.629887308	151.0		
T	39.487110986	-0.629857611	151.0		
T	39.487056382	-0.629841856	151.0		
T	39.486991958	-0.629836987	151.0		
T	39.486929738	-0.629846312	151.0		
T	39.486887476	-0.629859968	151.1		
T	39.486829223	-0.629893285	151.3		
T	39.486778559	-0.629926260	151.4		
T	39.486022901	-0.630503619	152.8		
T	39.484644187	-0.631569828	153.2		
T	39.484572113	-0.631640352	153.5		
T	39.484532826	-0.631704449	153.7		
T	39.484505873	-0.631770024	153.9		
T	39.484489184	-0.631830296	153.9		
T	39.484480314	-0.631890525	154.0		
T	39.484477795	-0.631982411	154.3		
T	39.484482339	-0.632066233	154.9		
T	39.484508134	-0.632407647	156.7		
T	39.484516018	-0.632542638	157.3		
T	39.484515096	-0.632672968	158.1		
T	39.484505352	-0.632873325	159.5		
T	39.484498398	-0.633031211	160.6		
T	39.484476041	-0.633256745	162.3		
T	39.484442265	-0.633414921	163.3		
T	39.484397385	-0.633578797	163.7		
T	39.484350868	-0.633690485	163.9		
T	39.484284306	-0.633848965	164.3		
T	39.484219245	-0.633986180	164.2		
T	39.484108065	-0.634135387	163.6		
T	39.484023343	-0.634240981	162.8		
T	39.483912311	-0.634387944	162.1		
T	39.483807546	-0.634516976	162.2		
T	39.483676435	-0.634635014	162.2		
T	39.483479779	-0.634809302	162.2		
T	39.483302664	-0.634913962	162.1		
T	39.483178142	-0.634980931	162.6		
T	39.483027866	-0.635043469	163.3		
T	39.482913814	-0.635079421	163.4		
T	39.482766292	-0.635103550	163.3		
T	39.482622435	-0.635104880	162.8		
T	39.482321250	-0.635098610	161.9		
T	39.482086248	-0.635073200	160.8		
T	39.481933168	-0.635054026	160.0		
T	39.481854132	-0.635040286	160.3		
T	39.481805235	-0.635017432	160.5		
T	39.481771030	-0.634989835	160.6		
T	39.481742459	-0.634960109	160.5		
T	39.481719469	-0.634929698	160.4		
T	39.481701956	-0.634891099	160.2		
T	39.481686087	-0.634839783	159.9		
T	39.481676305	-0.634782935	159.5		
T	39.481678422	-0.634734474	159.1		
T	39.481686576	-0.634683846	158.8		
T	39.481704727	-0.634631711	158.5		
T	39.481718935	-0.634601744	158.4		
T	39.481801169	-0.634450282	158.0		
T	39.482541019	-0.633066806	152.2		
T	39.483143709	-0.631944063	150.6		
T	39.483458626	-0.631355809	150.4		
T	39.483596918	-0.631099475	149.1		
