type	latitude	longitude	altitude (m)	name	desc
T	36.709663618	-6.032565584	40.6	Jerez Outer	
T	36.710257974	-6.032875554	40.6		
T	36.711090432	-6.033310517	38.1		
T	36.711532065	-6.033540449	38.6		
T	36.711739290	-6.033651032	39.1		
T	36.712199394	-6.033889328	40.8		
T	36.712321663	-6.033949011	42.3		
T	36.712383308	-6.033963478	43.2		
T	36.712445786	-6.033968989	44.2		
T	36.712509548	-6.033963191	45.1		
T	36.712574259	-6.033941969	45.5		
T	36.712633246	-6.033909191	46.0		
T	36.712693928	-6.033852643	46.4		
T	36.712736752	-6.033794993	46.7		
T	36.712772666	-6.033734861	47.0		
T	36.712793432	-6.033676826	47.0		
T	36.712809641	-6.033607944	47.0		
T	36.712821749	-6.033489823	47.2		
T	36.712825346	-6.033407554	47.4		
T	36.712828334	-6.032652736	51.4		
T	36.712824609	-6.032254088	52.2		
T	36.712829727	-6.031536949	50.6		
T	36.712820908	-6.031449131	50.3		
T	36.712803189	-6.031374080	50.1		
T	36.712779992	-6.031317370	50.0		
T	36.712749593	-6.031271812	50.0		
T	36.712711229	-6.031228155	49.9		
T	36.712674507	-6.031195981	49.7		
T	36.712632445	-6.031170787	49.6		
T	36.712590943	-6.031153972	49.4		
T	36.712533015	-6.031143931	49.2		
T	36.712473123	-6.031146180	49.1		
T	36.712415166	-6.031163733	49.1		
T	36.712360657	-6.031195725	49.2		
T	36.712307462	-6.031243776	49.1		
T	36.712271841	-6.031286065	49.1		
T	36.712134567	-6.031513789	48.7		
T	36.712032114	-6.031687892	47.9		
T	36.711965097	-6.031797614	47.1		
T	36.711917234	-6.031854337	46.7		
T	36.711881053	-6.031892881	46.6		
T	36.711846416	-6.031925530	46.5		
T	36.711812313	-6.031950745	46.4		
T	36.711758324	-6.031986514	46.3		
T	36.711720823	-6.032010814	46.2		
T	36.711674267	-6.032033443	46.0		
T	36.711623290	-6.032053785	45.8		
T	36.711539058	-6.032070304	45.6		
T	36.711436577	-6.032074759	45.5		
T	36.711249728	-6.032060318	45.7		
T	36.710565480	-6.032010027	43.6		
T	36.710397729	-6.031994039	43.6		
T	36.710303680	-6.031981904	43.7		
T	36.710263352	-6.031972924	43.7		
T	36.710171142	-6.031937968	43.3		
T	36.710130770	-6.031920332	43.1		
T	36.710063511	-6.031883130	42.7		
T	36.710004723	-6.031847401	42.4		
T	36.709961769	-6.031819087	42.3		
T	36.709914008	-6.031780968	42.3		
T	36.709862501	-6.031734341	42.3		
T	36.709809218	-6.031677080	42.3		
T	36.709754829	-6.031609177	42.7		
T	36.709707632	-6.031538207	43.4		
T	36.709638614	-6.031419310	44.4		
T	36.709589177	-6.031306846	45.4		
T	36.709534337	-6.031145753	46.6		
T	36.709515359	-6.031071278	47.1		
T	36.709493792	-6.030914806	48.2		
T	36.709405344	-6.030172026	47.5		
T	36.709288269	-6.029117815	51.0		
T	36.709221383	-6.028544210	53.2		
T	36.709182981	-6.028194003	53.7		
T	36.709161540	-6.028011699	54.0		
T	36.709143826	-6.027908146	53.8		
T	36.709120731	-6.027832571	53.5		
T	36.709091432	-6.027742137	53.2		
T	36.709054689	-6.027657901	52.8		
T	36.709016819	-6.027583328	52.4		
T	36.708962458	-6.027503654	51.8		
T	36.708880164	-6.027400767	51.3		
T	36.708802620	-6.027331081	51.5		
T	36.708713607	-6.027269035	51.7		
T	36.708630181	-6.027224448	52.0		
T	36.708523236	-6.027186602	52.7		
T	36.708443766	-6.027170846	53.0		
T	36.708370807	-6.027165888	53.3		
T	36.708293707	-6.027167294	53.5		
T	36.708220521	-6.027175531	53.7		
T	36.708147788	-6.027185464	53.9		
T	36.708081833	-6.027199797	54.1		
T	36.708024618	-6.027217547	54.1		
T	36.707959755	-6.027243807	54.1		
T	36.707908811	-6.027268684	54.1		
T	36.707837506	-6.027308325	54.1		
T	36.707733336	-6.027389235	53.9		
T	36.707652618	-6.027468661	53.6		
T	36.707594838	-6.027536824	53.5		
T	36.707450895	-6.027752376	53.3		
T	36.707279150	-6.028022329	53.6		
T	36.706859639	-6.028673044	52.6		
T	36.706482725	-6.029253537	48.7		
T	36.706055569	-6.029909573	45.6		
T	36.705779244	-6.030334580	43.8		
T	36.705272154	-6.031115782	42.0		
T	36.704715434	-6.031972091	48.0		
T	36.704188323	-6.032781308	47.8		
T	36.704118996	-6.032891906	47.6		
T	36.704086906	-6.032987223	47.3		
T	36.704074625	-6.033055301	47.0		
T	36.704070288	-6.033104206	46.9		
T	36.704074824	-6.033172989	46.6		
T	36.704100447	-6.033261062	45.9		
T	36.704137301	-6.033338855	45.3		
T	36.704194021	-6.033412278	45.3		
T	36.704263574	-6.033469783	45.5		
T	36.704338211	-6.033493166	45.6		
T	36.704402792	-6.033499071	45.6		
T	36.704469150	-6.033483408	45.7		
T	36.704561269	-6.033436627	45.9		
T	36.704741817	-6.033322972	46.0		
T	36.705013949	-6.033150539	45.1		
T	36.705482781	-6.032857042	45.8		
T	36.705906990	-6.032596054	44.2		
T	36.706012003	-6.032533256	43.7		
T	36.706096412	-6.032492154	43.2		
T	36.706176420	-6.032473079	42.7		
T	36.706249479	-6.032459427	42.2		
T	36.706345971	-6.032460964	41.5		
T	36.706446695	-6.032473013	41.1		
T	36.706536974	-6.032495497	41.0		
T	36.706647691	-6.032535556	40.8		
T	36.706747966	-6.032592505	40.1		
T	36.706822516	-6.032655747	39.6		
T	36.706917345	-6.032749596	39.1		
T	36.707516823	-6.033328265	37.1		
T	36.708059077	-6.033857987	36.1		
T	36.708132099	-6.033938027	36.2		
T	36.708202069	-6.034033195	36.3		
T	36.708248426	-6.034118293	36.1		
T	36.708284823	-6.034212174	36.0		
T	36.708309904	-6.034288346	36.0		
T	36.708327942	-6.034361877	36.0		
T	36.708339721	-6.034431072	36.0		
T	36.708345905	-6.034510221	36.0		
T	36.708347727	-6.034617623	36.0		
T	36.708340100	-6.034705886	36.0		
T	36.708327083	-6.034784786	36.0		
T	36.708306627	-6.034871886	36.0		
T	36.708286349	-6.034935814	36.0		
T	36.708257728	-6.035012833	36.0		
T	36.708222309	-6.035092175	35.7		
T	36.708195610	-6.035147320	35.5		
T	36.708160271	-6.035206265	35.3		
T	36.708121181	-6.035268699	35.0		
T	36.708057313	-6.035354585	35.0		
T	36.708000680	-6.035423659	35.2		
T	36.707896877	-6.035516832	35.6		
T	36.707778783	-6.035599348	36.0		
T	36.707576888	-6.035695427	37.1		
T	36.707235806	-6.035843283	37.0		
T	36.706971612	-6.035958759	37.9		
T	36.706544682	-6.036143882	41.1		
T	36.706226229	-6.036281471	39.9		
T	36.706162979	-6.036319198	39.5		
T	36.706106183	-6.036366856	39.2		
T	36.706068670	-6.036412868	39.5		
T	36.706038560	-6.036458672	39.8		
T	36.706015815	-6.036504892	40.0		
T	36.705990445	-6.036565497	40.1		
T	36.705970350	-6.036634282	40.1		
T	36.705958379	-6.036709835	39.9		
T	36.705955960	-6.036782769	39.3		
T	36.705957843	-6.036847460	38.8		
T	36.705969308	-6.036920554	38.2		
T	36.705986904	-6.036987193	38.0		
T	36.706031952	-6.037081837	37.9		
T	36.706090060	-6.037191539	37.3		
T	36.706237074	-6.037430528	39.2		
T	36.706444665	-6.037786307	39.9		
T	36.706503648	-6.037876298	40.4		
T	36.706548158	-6.037920484	40.4		
T	36.706595697	-6.037953642	40.2		
T	36.706643533	-6.037975016	39.9		
T	36.706687804	-6.037991574	39.8		
T	36.706731846	-6.037995554	39.8		
T	36.706788488	-6.037997565	39.8		
T	36.706840453	-6.037985592	39.7		
T	36.706917130	-6.037953245	39.6		
T	36.707032315	-6.037890086	39.8		
T	36.707346528	-6.037697515	38.7		
T	36.707760464	-6.037440731	35.8		
T	36.708434302	-6.037023771	34.2		
T	36.708868541	-6.036761233	33.7		
T	36.708948758	-6.036701848	33.7		
T	36.709016305	-6.036641408	33.6		
T	36.709093460	-6.036551972	33.6		
T	36.709151194	-6.036468452	33.7		
T	36.709201252	-6.036382382	34.0		
T	36.709236618	-6.036304950	34.0		
T	36.709272313	-6.036207274	34.0		
T	36.709305466	-6.036096700	34.0		
T	36.709327275	-6.035985725	34.0		
T	36.709338055	-6.035869987	34.0		
T	36.709338540	-6.035692069	34.3		
T	36.709335032	-6.035573159	34.6		
T	36.709263642	-6.034656933	36.3		
T	36.709251176	-6.034472470	36.3		
T	36.709231888	-6.034218107	36.2		
T	36.709217917	-6.034142682	36.3		
T	36.709197015	-6.034078645	36.4		
T	36.709163482	-6.034004810	36.6		
T	36.709123985	-6.033939521	36.8		
T	36.709058091	-6.033867656	37.0		
T	36.708944993	-6.033755902	37.0		
T	36.708884028	-6.033684158	37.0		
T	36.708601572	-6.033397267	38.0		
T	36.708311752	-6.033109591	38.0		
T	36.707509172	-6.032297874	39.7		
T	36.707187876	-6.031968495	39.1		
T	36.707054037	-6.031831569	39.0		
T	36.707016147	-6.031782716	39.0		
T	36.706990510	-6.031719432	39.0		
T	36.706977329	-6.031661476	39.0		
T	36.706973828	-6.031601010	39.0		
T	36.706978026	-6.031547450	39.1		
T	36.706988088	-6.031508197	39.1		
T	36.707003177	-6.031464909	39.2		
T	36.707022203	-6.031429950	39.2		
T	36.707044673	-6.031401454	39.3		
T	36.707071214	-6.031372698	39.5		
T	36.707104492	-6.031346968	39.8		
T	36.707140238	-6.031330306	40.0		
T	36.707175345	-6.031321797	40.1		
T	36.707210809	-6.031319395	40.2		
T	36.707243865	-6.031322688	40.3		
T	36.707284435	-6.031333560	40.2		
T	36.707384834	-6.031378716	40.1		
T	36.707869693	-6.031632078	39.5		
T	36.708906266	-6.032171103	40.0		
T	36.709497550	-6.032478343	40.3		
T	36.709663618	-6.032565584	40.6		
