type	latitude	longitude	altitude (m)	name	desc
T	52.962272687	6.524179349	12.0	Assen Inner	
T	52.963285644	6.526272944	11.2		
T	52.964468496	6.528694606	12.2		
T	52.964554835	6.528882239	12.6		
T	52.964577583	6.528948601	12.5		
T	52.964589042	6.529014573	12.5		
T	52.964591596	6.529071786	12.5		
T	52.964587764	6.529124249	12.5		
T	52.964578849	6.529175973	12.6		
T	52.964543537	6.529284210	13.1		
T	52.964406436	6.529579473	13.9		
T	52.964279515	6.529864852	13.2		
T	52.963851669	6.530704320	11.0		
T	52.963812565	6.530784595	11.0		
T	52.963780646	6.530833336	11.0		
T	52.963752349	6.530862232	10.9		
T	52.963722762	6.530880395	10.8		
T	52.963683810	6.530901821	10.8		
T	52.963562740	6.530935678	10.5		
T	52.963172860	6.531019805	10.2		
T	52.962712716	6.531119141	9.5		
T	52.962567907	6.531145555	10.5		
T	52.962447650	6.531168775	11.0		
T	52.962403260	6.531172795	11.0		
T	52.962355997	6.531169908	11.0		
T	52.962299188	6.531155831	11.0		
T	52.962243541	6.531125761	11.0		
T	52.962200566	6.531097389	10.9		
T	52.962150512	6.531049958	10.8		
T	52.962101419	6.530990191	10.8		
T	52.962051286	6.530896508	10.9		
T	52.962022702	6.530829999	11.0		
T	52.962003056	6.530770982	11.0		
T	52.961983661	6.530700458	11.0		
T	52.961968466	6.530613139	11.0		
T	52.961958770	6.530498989	11.0		
T	52.961961134	6.530386554	11.0		
T	52.961970111	6.530265826	10.9		
T	52.961991576	6.530149870	10.8		
T	52.962084025	6.529813906	9.7		
T	52.962123314	6.529708087	9.1		
T	52.962159157	6.529633317	8.7		
T	52.962202604	6.529572545	8.2		
T	52.962244216	6.529522079	8.0		
T	52.962297765	6.529480765	8.0		
T	52.962362399	6.529447252	8.0		
T	52.962431167	6.529424714	8.1		
T	52.962495419	6.529418479	8.1		
T	52.962568881	6.529433390	8.3		
T	52.962654952	6.529470608	8.6		
T	52.962706649	6.529513061	8.9		
T	52.962817100	6.529623056	9.7		
T	52.963010435	6.529821735	10.4		
T	52.963085956	6.529895951	10.6		
T	52.963138132	6.529933006	10.5		
T	52.963183799	6.529957984	10.5		
T	52.963233048	6.529972428	10.3		
T	52.963293493	6.529976144	10.1		
T	52.963342069	6.529967941	10.0		
T	52.963402353	6.529946007	10.0		
T	52.963459252	6.529907288	10.2		
T	52.963512365	6.529855228	10.3		
T	52.963550009	6.529808107	10.5		
T	52.963576941	6.529752132	10.8		
T	52.963595583	6.529701957	10.9		
T	52.963611495	6.529630694	11.0		
T	52.963618771	6.529553288	11.0		
T	52.963618771	6.529476310	11.0		
T	52.963610045	6.529412809	10.9		
T	52.963595586	6.529348269	10.6		
T	52.963572670	6.529291627	10.3		
T	52.963545798	6.529244485	10.0		
T	52.963387471	6.529044694	8.8		
T	52.963112808	6.528767731	9.2		
T	52.962948240	6.528626290	10.0		
T	52.962802634	6.528531759	10.0		
T	52.962595577	6.528407037	10.0		
T	52.962422998	6.528319421	10.0		
T	52.962268671	6.528237660	10.1		
T	52.962188918	6.528190644	10.1		
T	52.962104798	6.528128325	10.4		
T	52.961971459	6.528018857	10.9		
T	52.961744597	6.527794621	11.0		
T	52.960201400	6.526155536	10.7		
T	52.959610623	6.525420858	11.1		
T	52.958470684	6.523987880	12.5		
T	52.958377726	6.523865900	12.8		
T	52.958330362	6.523793363	12.6		
T	52.958298156	6.523726893	12.3		
T	52.958223019	6.523546066	11.6		
T	52.957624401	6.521958905	12.9		
T	52.957561417	6.521787463	13.2		
T	52.957508839	6.521662426	13.0		
T	52.957459847	6.521549355	12.4		
T	52.957407421	6.521451819	11.9		
T	52.957358958	6.521381663	11.5		
T	52.957292119	6.521287506	11.3		
T	52.957221867	6.521206250	11.0		
T	52.957143906	6.521131637	11.0		
T	52.957030019	6.521046746	10.9		
T	52.956942471	6.521001755	11.0		
T	52.956835777	6.520963692	11.0		
T	52.956761671	6.520947320	11.0		
T	52.956630977	6.520935441	10.9		
T	52.955474235	6.520839165	10.3		
T	52.955288996	6.520818392	11.0		
T	52.955206208	6.520799399	11.0		
T	52.955140387	6.520771515	11.0		
T	52.955075261	6.520725240	11.0		
T	52.955007035	6.520657702	11.0		
T	52.954966528	6.520606154	11.0		
T	52.954917871	6.520534559	11.0		
T	52.954874692	6.520447371	10.8		
T	52.954844885	6.520375143	10.6		
T	52.954809483	6.520249694	10.3		
T	52.954791152	6.520141917	10.2		
T	52.954776202	6.519991738	10.2		
T	52.954770236	6.519889928	10.2		
T	52.954779447	6.519689682	10.2		
T	52.954827153	6.518683682	11.9		
T	52.954832987	6.518521984	12.1		
T	52.954828608	6.518348922	12.4		
T	52.954774170	6.517581887	11.3		
T	52.954747166	6.517219887	11.0		
T	52.954737346	6.517014015	11.0		
T	52.954733765	6.516790968	11.0		
T	52.954729795	6.516400320	11.9		
T	52.954733556	6.514698608	11.0		
T	52.954732245	6.514436107	11.0		
T	52.954717625	6.514274687	11.6		
T	52.954697754	6.514179483	12.0		
T	52.954660222	6.514063150	12.0		
T	52.954618263	6.513963530	12.0		
T	52.954571607	6.513878700	12.0		
T	52.954522412	6.513817365	12.1		
T	52.954471827	6.513767449	12.0		
T	52.954421495	6.513724202	12.0		
T	52.954349108	6.513691122	11.8		
T	52.954239742	6.513647019	11.4		
T	52.953790011	6.513503911	10.6		
T	52.953247086	6.513335142	10.3		
T	52.953157761	6.513306939	10.6		
T	52.953094072	6.513277216	10.7		
T	52.953054540	6.513248599	10.7		
T	52.953010886	6.513209436	10.6		
T	52.952952152	6.513125747	10.5		
T	52.952921119	6.513079935	10.5		
T	52.952892118	6.513012432	10.6		
T	52.952870091	6.512944308	10.7		
T	52.952853449	6.512875146	10.7		
T	52.952834592	6.512764545	10.8		
T	52.952828393	6.512688308	11.1		
T	52.952830866	6.512578845	11.5		
T	52.952842062	6.512475537	11.8		
T	52.952890224	6.512290187	11.9		
T	52.953102346	6.511737499	12.8		
T	52.953165565	6.511614818	12.6		
T	52.953247001	6.511490340	12.3		
T	52.953311290	6.511408567	12.1		
T	52.953386319	6.511337030	12.0		
T	52.953465751	6.511276420	12.0		
T	52.953546794	6.511229995	12.0		
T	52.953601406	6.511209655	12.0		
T	52.953662569	6.511191902	12.0		
T	52.953727504	6.511178520	12.0		
T	52.953793076	6.511176159	12.0		
T	52.953847243	6.511180412	12.0		
T	52.953905360	6.511188292	12.1		
T	52.953965324	6.511205822	12.3		
T	52.954025967	6.511229733	12.5		
T	52.954130379	6.511287129	12.9		
T	52.954268533	6.511407379	13.0		
T	52.954961361	6.512149438	12.9		
T	52.955605741	6.512838572	10.2		
T	52.955745615	6.512992633	10.7		
T	52.955795793	6.513043823	10.9		
T	52.955830784	6.513092423	11.1		
T	52.955858700	6.513135864	11.4		
T	52.955888291	6.513185902	11.7		
T	52.955918308	6.513248709	11.9		
T	52.955955781	6.513357762	12.0		
T	52.956001486	6.513502183	12.0		
T	52.956377389	6.514844023	11.5		
T	52.956821559	6.516420926	10.9		
T	52.956930263	6.516810826	10.9		
T	52.956979560	6.517002316	10.8		
T	52.956997718	6.517070656	10.6		
T	52.957009128	6.517158834	10.4		
T	52.957045974	6.517422749	10.4		
T	52.957078633	6.517643592	10.5		
T	52.957095111	6.517833810	10.5		
T	52.957148180	6.518495181	10.5		
T	52.957166443	6.518694900	10.4		
T	52.957194168	6.518853969	10.0		
T	52.957253085	6.519063538	10.1		
T	52.957316003	6.519277159	10.6		
T	52.957354663	6.519404165	10.9		
T	52.957547521	6.520011283	11.2		
T	52.957628970	6.520237664	11.1		
T	52.957699028	6.520419285	10.5		
T	52.957743194	6.520519425	10.1		
T	52.957805050	6.520640286	10.3		
T	52.957872479	6.520744766	10.7		
T	52.957959156	6.520863534	11.2		
T	52.958014390	6.520929501	11.6		
T	52.958078490	6.521001508	12.2		
T	52.958163421	6.521080009	12.4		
T	52.958287678	6.521169047	12.2		
T	52.958403211	6.521234350	11.7		
T	52.958510667	6.521279998	11.4		
T	52.958603514	6.521305538	11.0		
T	52.958702903	6.521330347	10.7		
T	52.959241995	6.521360186	11.0		
T	52.960173118	6.521421929	11.6		
T	52.960686955	6.521454827	11.1		
T	52.960718066	6.521464902	11.1		
T	52.960752544	6.521483904	11.1		
T	52.960783196	6.521505148	11.1		
T	52.960809718	6.521541695	11.0		
T	52.960839528	6.521592142	11.0		
T	52.960860516	6.521644650	11.0		
T	52.960885007	6.521751583	11.2		
T	52.960892803	6.521872191	11.6		
T	52.960899334	6.521983725	11.9		
T	52.960923582	6.522085626	12.2		
T	52.960959175	6.522161329	12.3		
T	52.961013231	6.522227566	12.4		
T	52.961099020	6.522329004	12.4		
T	52.961249840	6.522470163	12.9		
T	52.961332152	6.522547832	13.0		
T	52.961394057	6.522607414	13.0		
T	52.961464922	6.522691705	13.3		
T	52.961570194	6.522831167	13.5		
T	52.961664221	6.522978567	13.3		
T	52.961768596	6.523153702	12.8		
T	52.961919457	6.523449311	12.9		
T	52.962180643	6.523994695	12.0		
T	52.962272687	6.524179349	12.0		
