type	latitude	longitude	altitude (m)	name	desc
T	50.790599811	12.685573177	327.5	Sachsenring Outer	
T	50.791435705	12.687484029	331.6		
T	50.792114448	12.689040348	332.7		
T	50.792678120	12.690328355	333.9		
T	50.792791237	12.690592140	334.0		
T	50.792892980	12.690831655	334.0		
T	50.793011292	12.691122929	333.0		
T	50.793119720	12.691409221	333.2		
T	50.793207507	12.691650822	332.6		
T	50.793251056	12.691781281	332.7		
T	50.793271396	12.691850794	332.8		
T	50.793284927	12.691915397	332.8		
T	50.793289421	12.691960269	332.8		
T	50.793287248	12.692000491	332.8		
T	50.793263470	12.692112746	332.7		
T	50.793230261	12.692238277	332.6		
T	50.793210662	12.692290147	332.6		
T	50.793196237	12.692315513	332.5		
T	50.793176149	12.692341669	332.4		
T	50.793142840	12.692375008	332.3		
T	50.793106569	12.692403228	332.2		
T	50.793063244	12.692421110	332.0		
T	50.793012819	12.692433678	331.8		
T	50.792939458	12.692423465	331.6		
T	50.792899872	12.692405204	331.4		
T	50.792853501	12.692370753	331.3		
T	50.792813616	12.692326901	331.1		
T	50.792701799	12.692161299	330.9		
T	50.792614157	12.692038646	330.6		
T	50.792568015	12.691976811	330.3		
T	50.792502596	12.691906138	330.0		
T	50.792411302	12.691826883	330.0		
T	50.792310505	12.691764566	330.0		
T	50.792220508	12.691721151	330.0		
T	50.792127111	12.691695980	329.3		
T	50.792041870	12.691686011	328.7		
T	50.791953458	12.691688001	328.1		
T	50.791868006	12.691702515	327.4		
T	50.791803693	12.691720808	327.0		
T	50.791744527	12.691742064	326.6		
T	50.791692861	12.691766777	326.2		
T	50.791643120	12.691796350	325.7		
T	50.791600256	12.691826939	325.3		
T	50.791555291	12.691867135	324.8		
T	50.791513654	12.691909527	324.3		
T	50.791479376	12.691955632	323.9		
T	50.791445016	12.692005506	323.4		
T	50.791416225	12.692052762	322.9		
T	50.791389350	12.692105847	322.4		
T	50.791362396	12.692170104	322.2		
T	50.791337550	12.692239080	322.0		
T	50.791309003	12.692341018	322.0		
T	50.791293979	12.692411974	322.0		
T	50.791281013	12.692484131	322.0		
T	50.791271953	12.692548357	321.9		
T	50.791259482	12.692608451	321.8		
T	50.791244165	12.692669709	321.7		
T	50.791228112	12.692723650	321.5		
T	50.791210208	12.692774534	321.4		
T	50.791192904	12.692818889	321.2		
T	50.791173398	12.692867982	321.0		
T	50.791147633	12.692919194	320.7		
T	50.791115516	12.692978179	320.3		
T	50.791084645	12.693029805	320.2		
T	50.791050417	12.693079357	320.1		
T	50.791015809	12.693122315	319.9		
T	50.790981512	12.693161966	319.7		
T	50.790949212	12.693190691	319.5		
T	50.790917451	12.693218180	319.3		
T	50.790880932	12.693236622	319.1		
T	50.790841410	12.693251339	318.9		
T	50.790816724	12.693257797	318.7		
T	50.790782465	12.693257917	318.4		
T	50.790742274	12.693255180	318.2		
T	50.790713034	12.693246787	318.1		
T	50.790685567	12.693233438	318.0		
T	50.790649573	12.693207800	318.0		
T	50.790626011	12.693189001	318.1		
T	50.790587693	12.693148179	318.2		
T	50.790556524	12.693109279	318.4		
T	50.790530428	12.693070493	318.6		
T	50.790511540	12.693037645	318.6		
T	50.790493738	12.693000979	318.7		
T	50.790480498	12.692970466	318.7		
T	50.790466111	12.692925335	318.8		
T	50.790449730	12.692860439	319.0		
T	50.790437140	12.692799071	319.2		
T	50.790432344	12.692760457	319.2		
T	50.790429618	12.692712786	319.2		
T	50.790427870	12.692674187	319.2		
T	50.790427792	12.692628858	319.2		
T	50.790432229	12.692580075	319.2		
T	50.790438102	12.692531889	319.3		
T	50.790444895	12.692484750	319.4		
T	50.790457172	12.692432844	319.6		
T	50.790472480	12.692393090	319.8		
T	50.790492974	12.692358106	320.1		
T	50.790516039	12.692325619	320.4		
T	50.790546407	12.692292611	320.9		
T	50.790572310	12.692269539	321.2		
T	50.790600007	12.692250405	321.5		
T	50.790635230	12.692229561	321.9		
T	50.790707037	12.692200859	322.7		
T	50.790890798	12.692142685	323.9		
T	50.790928131	12.692130357	323.6		
T	50.790961424	12.692121229	323.4		
T	50.790990664	12.692107516	323.3		
T	50.791025359	12.692089527	323.1		
T	50.791053294	12.692070315	323.0		
T	50.791084925	12.692045449	322.8		
T	50.791117606	12.692017366	322.7		
T	50.791151381	12.691986722	322.8		
T	50.791194074	12.691937886	323.0		
T	50.791241087	12.691880038	323.1		
T	50.791288052	12.691812426	323.2		
T	50.791328838	12.691750315	323.2		
T	50.791381060	12.691658283	323.1		
T	50.791424903	12.691569065	324.0		
T	50.791470070	12.691467529	325.1		
T	50.791500222	12.691389071	325.8		
T	50.791539628	12.691280506	326.7		
T	50.791581438	12.691155507	327.5		
T	50.791621194	12.691020680	328.2		
T	50.791646987	12.690916085	328.7		
T	50.791665427	12.690811105	329.1		
T	50.791677980	12.690707379	329.5		
T	50.791681211	12.690584275	329.9		
T	50.791673683	12.690485125	330.3		
T	50.791650802	12.690381505	330.6		
T	50.791625698	12.690288886	331.0		
T	50.791597996	12.690211552	331.2		
T	50.791457821	12.689892468	332.3		
T	50.791418365	12.689803410	332.6		
T	50.791382930	12.689730713	333.0		
T	50.791337213	12.689646874	333.2		
T	50.791305990	12.689596565	333.3		
T	50.791268142	12.689551484	333.4		
T	50.791233333	12.689514383	333.6		
T	50.791193095	12.689484724	333.7		
T	50.791123160	12.689444110	334.0		
T	50.791059873	12.689419567	333.8		
T	50.790991301	12.689408903	333.6		
T	50.790940482	12.689410464	333.5		
T	50.790897512	12.689418926	333.3		
T	50.790856606	12.689433320	333.1		
T	50.790801604	12.689459476	333.0		
T	50.790758208	12.689488191	333.0		
T	50.790663697	12.689553526	333.0		
T	50.790568808	12.689618351	333.0		
T	50.790477855	12.689681227	333.0		
T	50.790391368	12.689743816	332.9		
T	50.790272703	12.689828186	332.6		
T	50.790172372	12.689901059	331.6		
T	50.790095456	12.689958874	330.8		
T	50.790043122	12.690004091	330.3		
T	50.789993490	12.690054603	329.4		
T	50.789943065	12.690107229	328.4		
T	50.789884901	12.690176994	327.3		
T	50.789844895	12.690234567	326.4		
T	50.789798216	12.690302592	325.3		
T	50.789752201	12.690378246	324.1		
T	50.789717587	12.690438882	323.3		
T	50.789684367	12.690504837	322.5		
T	50.789656982	12.690569864	321.9		
T	50.789620871	12.690656021	321.4		
T	50.789586156	12.690753758	320.9		
T	50.789557995	12.690843711	320.5		
T	50.789527647	12.690947511	319.9		
T	50.789506568	12.691040484	319.3		
T	50.789487111	12.691129728	318.8		
T	50.789467641	12.691233472	318.5		
T	50.789453139	12.691346297	318.1		
T	50.789440388	12.691472668	317.7		
T	50.789432899	12.691622754	317.2		
T	50.789432173	12.691781070	316.7		
T	50.789444668	12.691973101	315.9		
T	50.789458635	12.692116717	315.4		
T	50.789477984	12.692239121	314.9		
T	50.789505018	12.692374484	314.5		
T	50.789543447	12.692520840	313.9		
T	50.789591837	12.692676536	313.1		
T	50.789643270	12.692806980	312.7		
T	50.789707012	12.692943399	312.9		
T	50.789927685	12.693342740	313.5		
T	50.790109213	12.693677046	312.9		
T	50.790270121	12.693980956	312.0		
T	50.790445895	12.694297829	312.6		
T	50.790548940	12.694471556	312.9		
T	50.790634034	12.694604736	312.7		
T	50.790780767	12.694813946	312.5		
T	50.791027832	12.695162300	313.4		
T	50.791104738	12.695270872	314.0		
T	50.791258877	12.695486218	313.2		
T	50.791302472	12.695539219	313.1		
T	50.791342174	12.695576320	313.0		
T	50.791385163	12.695605831	313.0		
T	50.791425117	12.695624104	313.1		
T	50.791460170	12.695634576	313.3		
T	50.791498069	12.695643379	313.4		
T	50.791539145	12.695644951	313.5		
T	50.791585967	12.695643024	313.7		
T	50.791649741	12.695634769	313.9		
T	50.791714632	12.695622920	314.3		
T	50.791780368	12.695608980	314.8		
T	50.791854093	12.695589014	315.3		
T	50.791975163	12.695542168	316.4		
T	50.792067388	12.695494963	317.5		
T	50.792145482	12.695451012	318.6		
T	50.792220388	12.695403492	319.6		
T	50.792283999	12.695358361	320.4		
T	50.792363049	12.695297968	321.3		
T	50.792440936	12.695228609	322.3		
T	50.792524982	12.695147466	323.5		
T	50.792615711	12.695050262	324.9		
T	50.792766202	12.694885798	326.8		
T	50.792899694	12.694743698	327.8		
T	50.793038919	12.694593746	328.5		
T	50.793138742	12.694484929	328.9		
T	50.793243290	12.694373427	329.7		
T	50.793316740	12.694295122	330.6		
T	50.793358205	12.694246607	331.2		
T	50.793396173	12.694200368	331.9		
T	50.793421845	12.694159650	332.4		
T	50.793448524	12.694108482	332.8		
T	50.793465688	12.694059757	333.2		
T	50.793482547	12.694010960	333.7		
T	50.793495072	12.693957979	334.1		
T	50.793506692	12.693916484	334.4		
T	50.793571191	12.693662880	334.9		
T	50.793702025	12.693143345	335.0		
T	50.793826070	12.692660304	336.0		
T	50.793844278	12.692577552	336.4		
T	50.793856428	12.692515041	336.7		
T	50.793863191	12.692452841	337.0		
T	50.793866602	12.692396383	337.2		
T	50.793869635	12.692317140	337.5		
T	50.793866209	12.692248580	337.7		
T	50.793862016	12.692189967	337.7		
T	50.793852938	12.692122561	337.7		
T	50.793840651	12.692062840	337.6		
T	50.793828524	12.692007572	337.5		
T	50.793813444	12.691953756	337.4		
T	50.793799422	12.691907669	337.4		
T	50.793624851	12.691375207	335.1		
T	50.793550282	12.691151984	334.8		
T	50.793513928	12.691052268	334.7		
T	50.793476759	12.690960821	334.8		
T	50.793315260	12.690581057	335.0		
T	50.793223053	12.690367955	334.3		
T	50.793065450	12.690005745	333.0		
T	50.793024102	12.689908218	332.8		
T	50.792996696	12.689843750	332.6		
T	50.792978325	12.689792945	332.5		
T	50.792958327	12.689727760	332.4		
T	50.792943659	12.689672945	332.2		
T	50.792930662	12.689610015	332.0		
T	50.792919605	12.689552956	331.9		
T	50.792914759	12.689509667	331.7		
T	50.792909641	12.689466701	331.6		
T	50.792905635	12.689380521	331.4		
T	50.792904914	12.689274083	331.2		
T	50.792905179	12.689128727	330.9		
T	50.792911990	12.688620134	329.5		
T	50.792928560	12.687793525	319.7		
T	50.792954246	12.686901509	310.7		
T	50.792981263	12.686313462	310.7		
T	50.793032772	12.685342013	312.7		
T	50.793078869	12.684631417	314.2		
T	50.793088723	12.684510473	314.2		
T	50.793094817	12.684403842	314.2		
T	50.793098660	12.684341349	314.0		
T	50.793116051	12.684124268	313.7		
T	50.793125997	12.683991759	313.8		
T	50.793132173	12.683905747	313.8		
T	50.793165355	12.683509786	316.6		
T	50.793176400	12.683391391	317.1		
T	50.793186710	12.683247536	317.9		
T	50.793191611	12.683127816	318.6		
T	50.793190652	12.683032828	319.1		
T	50.793188841	12.682972098	319.3		
T	50.793184807	12.682904621	319.5		
T	50.793174429	12.682801530	319.8		
T	50.793160544	12.682702868	320.0		
T	50.793142459	12.682612911	320.2		
T	50.793125344	12.682540507	320.4		
T	50.793114146	12.682499220	320.4		
T	50.793077136	12.682375103	320.6		
T	50.793042326	12.682280499	320.8		
T	50.793005860	12.682193854	321.3		
T	50.792969028	12.682121065	321.6		
T	50.792926753	12.682047588	321.8		
T	50.792876165	12.681974352	322.0		
T	50.792821500	12.681907487	322.0		
T	50.792768272	12.681853131	321.9		
T	50.792717157	12.681812105	321.3		
T	50.792649071	12.681766746	320.6		
T	50.792583182	12.681736905	319.9		
T	50.792525734	12.681717175	319.3		
T	50.792427103	12.681703355	318.5		
T	50.792347841	12.681707004	317.9		
T	50.792288151	12.681718749	317.5		
T	50.792163577	12.681765315	316.4		
T	50.791985558	12.681832115	314.4		
T	50.791770311	12.681914147	311.5		
T	50.791552749	12.681998855	308.7		
T	50.791239291	12.682116671	304.8		
T	50.790965879	12.682220854	302.0		
T	50.790753373	12.682300195	300.8		
T	50.790411261	12.682429191	301.1		
T	50.790067838	12.682561443	304.2		
T	50.789960081	12.682600693	305.2		
T	50.789915013	12.682619271	305.6		
T	50.789877842	12.682639555	305.9		
T	50.789845314	12.682661532	306.3		
T	50.789809856	12.682690902	306.7		
T	50.789781835	12.682722985	307.2		
T	50.789751924	12.682763028	307.7		
T	50.789723125	12.682813614	308.4		
T	50.789698651	12.682863517	309.0		
T	50.789677835	12.682919221	309.7		
T	50.789660006	12.682985846	310.5		
T	50.789646711	12.683064904	311.4		
T	50.789637459	12.683154187	312.4		
T	50.789638852	12.683258879	313.5		
T	50.789646445	12.683323304	314.2		
T	50.789661100	12.683397680	314.7		
T	50.789683239	12.683468318	315.1		
T	50.789718899	12.683558890	315.6		
T	50.789796681	12.683735233	316.7		
T	50.789922149	12.684022153	318.1		
T	50.790126936	12.684492362	321.9		
T	50.790425160	12.685171873	324.7		
T	50.790599811	12.685573177	327.5		
