type	latitude	longitude	altitude (m)	name	desc
T	50.790702962	12.685462495	325.8	Sachsenring Inner	
T	50.791130839	12.686441766	328.3		
T	50.791817166	12.688013538	330.8		
T	50.792364083	12.689263816	332.5		
T	50.792638704	12.689892807	334.1		
T	50.792836161	12.690347470	334.1		
T	50.793004127	12.690744461	334.3		
T	50.793123984	12.691036636	333.5		
T	50.793255257	12.691384553	333.7		
T	50.793324492	12.691578641	333.3		
T	50.793367250	12.691711923	333.4		
T	50.793380458	12.691784671	333.5		
T	50.793390698	12.691874753	333.6		
T	50.793389083	12.691995294	333.6		
T	50.793367058	12.692153761	333.3		
T	50.793340920	12.692263107	333.1		
T	50.793314101	12.692333568	332.9		
T	50.793279694	12.692394666	332.8		
T	50.793238227	12.692453188	332.7		
T	50.793187072	12.692507658	332.5		
T	50.793123395	12.692551726	332.2		
T	50.793042150	12.692584362	332.0		
T	50.792961048	12.692586749	331.7		
T	50.792885572	12.692559214	331.4		
T	50.792823117	12.692523013	331.2		
T	50.792773432	12.692471748	331.0		
T	50.792715498	12.692386255	331.0		
T	50.792592315	12.692200971	330.9		
T	50.792537463	12.692125943	330.7		
T	50.792491774	12.692073332	330.5		
T	50.792442679	12.692024693	330.3		
T	50.792383708	12.691973764	330.1		
T	50.792315373	12.691925093	330.0		
T	50.792262849	12.691896750	330.0		
T	50.792204184	12.691870109	329.9		
T	50.792141155	12.691851419	329.4		
T	50.792095772	12.691843662	329.1		
T	50.792037768	12.691836998	328.7		
T	50.791972565	12.691837361	328.2		
T	50.791896464	12.691848519	327.7		
T	50.791835208	12.691863814	327.2		
T	50.791768278	12.691890879	326.7		
T	50.791712580	12.691919327	326.3		
T	50.791654880	12.691955027	325.8		
T	50.791601682	12.691998374	325.1		
T	50.791553508	12.692054847	324.4		
T	50.791509076	12.692118870	323.7		
T	50.791472661	12.692184368	323.0		
T	50.791442615	12.692248414	322.6		
T	50.791409399	12.692341256	322.2		
T	50.791379786	12.692475317	322.0		
T	50.791357263	12.692589321	322.0		
T	50.791328672	12.692722976	321.8		
T	50.791295993	12.692837737	321.6		
T	50.791265073	12.692919184	321.3		
T	50.791224125	12.693009359	320.9		
T	50.791166157	12.693109019	320.2		
T	50.791098098	12.693210228	319.4		
T	50.791035959	12.693281784	319.0		
T	50.790974665	12.693335909	318.5		
T	50.790905864	12.693378187	318.1		
T	50.790849218	12.693404069	317.8		
T	50.790788625	12.693413089	317.4		
T	50.790727546	12.693415494	316.9		
T	50.790662018	12.693401858	316.5		
T	50.790599307	12.693377147	316.2		
T	50.790541502	12.693338448	315.9		
T	50.790491446	12.693289194	316.2		
T	50.790448757	12.693229105	316.5		
T	50.790407728	12.693160029	316.7		
T	50.790378462	12.693098562	316.8		
T	50.790349784	12.693015877	317.0		
T	50.790326512	12.692931866	317.1		
T	50.790308985	12.692835653	317.2		
T	50.790302203	12.692780462	317.3		
T	50.790298383	12.692712552	317.3		
T	50.790298604	12.692652860	317.3		
T	50.790300044	12.692581885	317.3		
T	50.790310898	12.692485602	317.5		
T	50.790325878	12.692400148	317.7		
T	50.790343837	12.692341010	318.0		
T	50.790371192	12.692267524	318.3		
T	50.790398399	12.692215578	318.8		
T	50.790429160	12.692172428	319.4		
T	50.790451174	12.692144566	319.9		
T	50.790475552	12.692118790	320.3		
T	50.790512645	12.692087290	320.9		
T	50.790546676	12.692062236	321.5		
T	50.790584857	12.692038646	322.0		
T	50.790619754	12.692019958	322.4		
T	50.790695879	12.691991101	323.3		
T	50.790799889	12.691961360	324.6		
T	50.790839283	12.691951445	324.9		
T	50.790886527	12.691938640	324.6		
T	50.790938478	12.691925523	324.3		
T	50.790987946	12.691900500	324.0		
T	50.791046640	12.691863201	323.7		
T	50.791093245	12.691820478	323.5		
T	50.791132565	12.691779477	323.5		
T	50.791170982	12.691733598	323.6		
T	50.791212227	12.691679200	323.6		
T	50.791251474	12.691620072	323.8		
T	50.791292026	12.691548208	324.2		
T	50.791343771	12.691452323	324.7		
T	50.791383027	12.691366431	325.2		
T	50.791413746	12.691295981	325.8		
T	50.791451911	12.691201897	326.6		
T	50.791483964	12.691110985	327.3		
T	50.791517165	12.691012682	328.0		
T	50.791544937	12.690917355	328.6		
T	50.791561375	12.690835487	329.0		
T	50.791577043	12.690743533	329.3		
T	50.791585381	12.690664802	329.6		
T	50.791585560	12.690612748	329.8		
T	50.791575459	12.690537978	330.1		
T	50.791568396	12.690499351	330.2		
T	50.791559227	12.690457040	330.4		
T	50.791548138	12.690416159	330.5		
T	50.791532173	12.690363990	330.7		
T	50.791500006	12.690279178	331.0		
T	50.791417478	12.690086416	331.7		
T	50.791304604	12.689834126	332.9		
T	50.791281651	12.689788087	333.1		
T	50.791259937	12.689753132	333.4		
T	50.791229883	12.689715317	333.6		
T	50.791189014	12.689673636	333.7		
T	50.791143653	12.689632880	333.9		
T	50.791110227	12.689612595	334.0		
T	50.791081931	12.689598532	333.9		
T	50.791053139	12.689590727	333.8		
T	50.791020986	12.689583436	333.7		
T	50.790989066	12.689580881	333.6		
T	50.790956165	12.689579116	333.4		
T	50.790923045	12.689582535	333.3		
T	50.790887728	12.689592340	333.2		
T	50.790853597	12.689608152	333.1		
T	50.790813231	12.689631250	333.0		
T	50.790737459	12.689683166	333.0		
T	50.790458414	12.689872873	332.5		
T	50.790194655	12.690050144	331.1		
T	50.790131502	12.690097279	330.2		
T	50.790090475	12.690135216	329.5		
T	50.790049165	12.690176250	328.7		
T	50.790006380	12.690223813	327.7		
T	50.789965568	12.690274310	326.8		
T	50.789921480	12.690333802	325.8		
T	50.789896070	12.690370625	325.2		
T	50.789866190	12.690416984	324.5		
T	50.789835487	12.690465475	323.8		
T	50.789807593	12.690515680	323.0		
T	50.789778663	12.690573437	322.3		
T	50.789739055	12.690661121	321.4		
T	50.789705194	12.690740970	320.7		
T	50.789676516	12.690815509	320.3		
T	50.789644714	12.690912795	319.7		
T	50.789620329	12.690998246	319.2		
T	50.789594494	12.691109828	318.5		
T	50.789574720	12.691205323	318.4		
T	50.789556289	12.691311642	318.2		
T	50.789540148	12.691455585	317.8		
T	50.789530980	12.691612721	317.2		
T	50.789529644	12.691775497	316.6		
T	50.789539475	12.691955786	316.0		
T	50.789562506	12.692147301	315.3		
T	50.789579095	12.692234704	315.0		
T	50.789596250	12.692321361	314.6		
T	50.789620885	12.692424941	314.3		
T	50.789656857	12.692546251	313.8		
T	50.789707179	12.692680157	313.3		
T	50.789763300	12.692809948	313.1		
T	50.789848596	12.692973088	313.5		
T	50.790278004	12.693752688	313.0		
T	50.790530964	12.694200746	312.9		
T	50.790649528	12.694396210	313.4		
T	50.790836757	12.694675945	313.2		
T	50.791141166	12.695106194	314.0		
T	50.791333101	12.695385094	313.6		
T	50.791366812	12.695428560	313.5		
T	50.791395875	12.695453705	313.4		
T	50.791425882	12.695472897	313.5		
T	50.791460837	12.695485080	313.6		
T	50.791497454	12.695491515	313.7		
T	50.791554638	12.695492402	314.0		
T	50.791600030	12.695489618	314.2		
T	50.791652619	12.695484001	314.5		
T	50.791683784	12.695477145	314.7		
T	50.791722160	12.695471043	315.1		
T	50.791766682	12.695460784	315.5		
T	50.791815094	12.695445709	316.1		
T	50.791869472	12.695425759	316.7		
T	50.791953259	12.695394571	317.8		
T	50.792038822	12.695351800	318.9		
T	50.792143751	12.695291716	320.3		
T	50.792236760	12.695231665	321.6		
T	50.792318593	12.695167000	322.5		
T	50.792435894	12.695053944	324.2		
T	50.792687912	12.694784213	327.5		
T	50.792907335	12.694550855	328.6		
T	50.793103653	12.694342491	329.8		
T	50.793193096	12.694245138	330.8		
T	50.793242173	12.694192180	331.4		
T	50.793275952	12.694157031	331.9		
T	50.793308891	12.694114277	332.3		
T	50.793339155	12.694067424	332.7		
T	50.793363308	12.694020829	333.2		
T	50.793382957	12.693974838	333.6		
T	50.793401333	12.693916335	334.0		
T	50.793416455	12.693856852	334.3		
T	50.793445329	12.693745576	334.4		
T	50.793532870	12.693404188	334.7		
T	50.793602601	12.693132805	334.2		
T	50.793696124	12.692766817	334.7		
T	50.793732336	12.692626351	335.4		
T	50.793751433	12.692550765	335.8		
T	50.793760288	12.692501040	336.1		
T	50.793768087	12.692451784	336.2		
T	50.793771659	12.692384306	336.4		
T	50.793772605	12.692325898	336.5		
T	50.793770976	12.692265263	336.6		
T	50.793765009	12.692199340	336.7		
T	50.793757238	12.692142385	336.7		
T	50.793745259	12.692089791	336.7		
T	50.793726849	12.692020999	336.7		
T	50.793567279	12.691578800	335.3		
T	50.793396000	12.691112154	334.2		
T	50.793262251	12.690801061	334.8		
T	50.792973703	12.690136514	333.6		
T	50.792908027	12.689985988	333.5		
T	50.792875568	12.689900781	333.3		
T	50.792857024	12.689848696	333.2		
T	50.792832005	12.689753308	332.9		
T	50.792811208	12.689655115	332.6		
T	50.792794626	12.689536520	332.3		
T	50.792786121	12.689431140	331.9		
T	50.792781916	12.689272083	331.4		
T	50.792783108	12.689131815	330.9		
T	50.792788808	12.688760423	329.6		
T	50.792799031	12.688051547	323.9		
T	50.792825234	12.687174758	313.2		
T	50.792862289	12.686261552	310.3		
T	50.792903983	12.685435467	312.2		
T	50.792980421	12.684293878	312.6		
T	50.793008740	12.683926715	312.5		
T	50.793049712	12.683423995	315.6		
T	50.793058291	12.683307637	316.2		
T	50.793064736	12.683211853	317.0		
T	50.793067835	12.683120198	317.6		
T	50.793067109	12.683024456	318.2		
T	50.793060235	12.682922014	318.5		
T	50.793048813	12.682819078	318.8		
T	50.793032628	12.682717196	319.2		
T	50.793016479	12.682641835	319.4		
T	50.792996843	12.682565511	319.7		
T	50.792972718	12.682483840	320.1		
T	50.792947572	12.682411654	320.4		
T	50.792922217	12.682348577	320.8		
T	50.792897351	12.682293425	321.2		
T	50.792869703	12.682237440	321.6		
T	50.792848209	12.682199527	321.8		
T	50.792818612	12.682154563	321.9		
T	50.792786790	12.682110588	322.0		
T	50.792751009	12.682067143	321.8		
T	50.792713068	12.682029678	321.4		
T	50.792667173	12.681991264	320.9		
T	50.792614051	12.681956026	320.3		
T	50.792556981	12.681928670	319.6		
T	50.792496201	12.681910163	319.0		
T	50.792437685	12.681903135	318.6		
T	50.792367773	12.681900722	318.0		
T	50.792308601	12.681912615	317.6		
T	50.792142599	12.681971422	316.2		
T	50.791837240	12.682088605	312.8		
T	50.791070674	12.682380157	302.7		
T	50.790393197	12.682636144	302.6		
T	50.790228721	12.682699336	304.5		
T	50.790123591	12.682740309	305.7		
T	50.790047177	12.682773920	306.6		
T	50.790012179	12.682796105	307.0		
T	50.789981740	12.682826260	307.4		
T	50.789948566	12.682862612	307.9		
T	50.789917623	12.682909376	308.4		
T	50.789889833	12.682960990	309.0		
T	50.789865819	12.683019142	309.6		
T	50.789844370	12.683080391	310.4		
T	50.789830239	12.683156454	311.3		
T	50.789820331	12.683237138	312.3		
T	50.789822560	12.683333696	313.3		
T	50.789830069	12.683416879	313.8		
T	50.789849047	12.683503045	314.3		
T	50.789888445	12.683602909	314.7		
T	50.790261217	12.684452093	320.2		
T	50.790477353	12.684948565	322.8		
T	50.790702962	12.685462495	325.8		
