type	latitude	longitude	altitude (m)	name	desc
T	47.220255390	14.766750323	678.7	Red Bull Ring Outer	
T	47.220068021	14.765728662	679.0		
T	47.219792572	14.764244080	679.4		
T	47.219673791	14.763597844	679.7		
T	47.219623646	14.763346869	680.4		
T	47.219552450	14.762957269	681.8		
T	47.219413828	14.762211397	682.7		
T	47.219307503	14.761633581	689.2		
T	47.219199416	14.761036486	693.7		
T	47.219192861	14.760988510	693.8		
T	47.219192847	14.760951995	693.8		
T	47.219195729	14.760919819	693.8		
T	47.219202741	14.760893973	693.8		
T	47.219215550	14.760869653	693.8		
T	47.219248309	14.760822847	693.8		
T	47.219279114	14.760791829	693.9		
T	47.219318277	14.760761221	694.0		
T	47.219381932	14.760711811	694.1		
T	47.219437945	14.760667785	694.2		
T	47.219549796	14.760581468	694.8		
T	47.219640222	14.760501897	695.4		
T	47.219725804	14.760417524	696.0		
T	47.219805507	14.760333137	696.4		
T	47.219879054	14.760263806	696.5		
T	47.219994862	14.760142730	696.5		
T	47.220084532	14.760044833	696.6		
T	47.220200985	14.759923248	697.0		
T	47.220355039	14.759759236	697.2		
T	47.220523065	14.759582388	697.3		
T	47.220678997	14.759414028	697.3		
T	47.220942483	14.759136957	696.9		
T	47.221051457	14.759023043	697.1		
T	47.221150616	14.758921140	696.7		
T	47.221247395	14.758823905	697.2		
T	47.221324079	14.758750829	697.2		
T	47.221351977	14.758724230	697.0		
T	47.221462286	14.758621132	696.7		
T	47.221611589	14.758487234	697.4		
T	47.221753466	14.758363669	697.5		
T	47.221871742	14.758264887	698.1		
T	47.221957342	14.758194614	698.5		
T	47.222070546	14.758104476	698.7		
T	47.222168686	14.758029376	698.7		
T	47.222238138	14.757977219	698.9		
T	47.222315792	14.757919143	699.3		
T	47.222397498	14.757859385	699.4		
T	47.222494162	14.757791001	699.0		
T	47.222583610	14.757730518	699.7		
T	47.222728527	14.757633402	700.5		
T	47.222910010	14.757513332	701.0		
T	47.223089794	14.757395214	701.5		
T	47.223309204	14.757252631	702.0		
T	47.223461279	14.757152721	702.6		
T	47.223616194	14.757048566	703.0		
T	47.223839451	14.756885359	703.9		
T	47.224012386	14.756741608	704.9		
T	47.224151820	14.756616134	706.1		
T	47.224303676	14.756462159	707.7		
T	47.224477312	14.756271741	709.3		
T	47.224559044	14.756179188	710.1		
T	47.224655424	14.756055495	711.5		
T	47.224726427	14.755967377	712.6		
T	47.224804169	14.755858494	713.8		
T	47.224873354	14.755759613	714.9		
T	47.224915335	14.755687635	715.6		
T	47.225051356	14.755487837	717.8		
T	47.225214090	14.755249946	720.8		
T	47.225343941	14.755060218	722.9		
T	47.225468995	14.754871989	725.1		
T	47.225600311	14.754681456	727.7		
T	47.225794146	14.754396697	731.4		
T	47.225948540	14.754168864	734.7		
T	47.226037833	14.754043418	736.2		
T	47.226063641	14.754009607	736.7		
T	47.226085956	14.753989260	737.2		
T	47.226119805	14.753972658	737.8		
T	47.226159084	14.753965562	738.3		
T	47.226191836	14.753972370	738.7		
T	47.226228393	14.753991073	739.1		
T	47.226262120	14.754022546	739.4		
T	47.226293751	14.754069874	739.7		
T	47.226309944	14.754116391	739.9		
T	47.226320762	14.754163529	740.0		
T	47.226329240	14.754205251	740.1		
T	47.226339409	14.754293984	740.3		
T	47.226365023	14.754532784	740.7		
T	47.226389052	14.754806069	741.0		
T	47.226408343	14.755088214	741.2		
T	47.226419690	14.755312038	741.1		
T	47.226434181	14.755910803	740.1		
T	47.226430565	14.756369907	738.7		
T	47.226416898	14.756758741	738.0		
T	47.226383316	14.757233296	735.8		
T	47.226352713	14.757551801	734.3		
T	47.226304895	14.757962135	733.2		
T	47.226246849	14.758415315	732.3		
T	47.226195295	14.758802323	731.2		
T	47.226066659	14.759785171	728.4		
T	47.225999236	14.760309665	727.3		
T	47.225931576	14.760869268	728.0		
T	47.225899744	14.761181009	727.3		
T	47.225866569	14.761612073	725.9		
T	47.225857917	14.761789445	725.1		
T	47.225842525	14.762149956	723.5		
T	47.225831561	14.762496877	722.0		
T	47.225820466	14.762949082	721.2		
T	47.225807749	14.763410759	719.3		
T	47.225788703	14.764105426	716.6		
T	47.225780454	14.764302383	716.2		
T	47.225770190	14.764374096	716.1		
T	47.225756357	14.764447745	715.9		
T	47.225726171	14.764526532	715.3		
T	47.225682143	14.764602894	714.6		
T	47.225642484	14.764651646	714.0		
T	47.225573083	14.764708396	713.2		
T	47.225498599	14.764733198	712.8		
T	47.225411187	14.764732950	712.5		
T	47.225337081	14.764707196	712.2		
T	47.225273012	14.764658669	711.8		
T	47.225202622	14.764592175	711.3		
T	47.225138065	14.764527743	710.8		
T	47.225069519	14.764458799	710.3		
T	47.224969941	14.764344511	709.5		
T	47.224856161	14.764203537	708.6		
T	47.224755868	14.764045934	707.7		
T	47.224654773	14.763856486	707.0		
T	47.224548941	14.763619230	707.0		
T	47.224480414	14.763435354	706.4		
T	47.224422381	14.763243592	705.9		
T	47.224371520	14.763024489	706.0		
T	47.224339952	14.762863648	706.3		
T	47.224316107	14.762680780	706.6		
T	47.224295940	14.762475522	707.0		
T	47.224290943	14.762166625	707.6		
T	47.224305362	14.761901275	708.1		
T	47.224362532	14.761387314	708.0		
T	47.224438841	14.760704802	709.0		
T	47.224520997	14.759948702	709.6		
T	47.224542396	14.759711721	709.7		
T	47.224540867	14.759628924	709.7		
T	47.224532147	14.759507579	709.6		
T	47.224515043	14.759406812	709.5		
T	47.224491302	14.759298543	709.3		
T	47.224465446	14.759217147	709.2		
T	47.224419198	14.759107038	708.8		
T	47.224387071	14.759043031	708.6		
T	47.224329197	14.758954531	708.2		
T	47.224264335	14.758877078	707.7		
T	47.224204554	14.758819050	707.3		
T	47.224140848	14.758775126	706.8		
T	47.224072612	14.758736735	706.3		
T	47.224009535	14.758712635	705.9		
T	47.223940399	14.758697428	705.4		
T	47.223883673	14.758691281	705.0		
T	47.223814436	14.758694857	704.6		
T	47.223722924	14.758716302	704.0		
T	47.223643823	14.758753426	703.2		
T	47.223573072	14.758800819	702.4		
T	47.223233388	14.759080080	698.6		
T	47.222892388	14.759366081	695.1		
T	47.222454177	14.759736856	691.8		
T	47.222369147	14.759811349	691.4		
T	47.222317007	14.759878696	691.0		
T	47.222249593	14.759975325	690.3		
T	47.222206851	14.760065833	690.0		
T	47.222172836	14.760155010	690.1		
T	47.222148738	14.760233254	690.0		
T	47.222134124	14.760302734	690.0		
T	47.222116348	14.760397042	690.0		
T	47.222107554	14.760480797	690.0		
T	47.222106114	14.760586254	690.0		
T	47.222108192	14.760652167	690.0		
T	47.222114142	14.760718983	690.0		
T	47.222123841	14.760793014	690.0		
T	47.222131873	14.760845071	690.0		
T	47.222145853	14.760909009	690.0		
T	47.222170298	14.760989544	690.0		
T	47.222201643	14.761077709	690.0		
T	47.222225688	14.761132358	690.1		
T	47.222275252	14.761225264	691.1		
T	47.222327230	14.761299984	691.5		
T	47.222393384	14.761373246	691.7		
T	47.222465314	14.761448234	691.9		
T	47.222534239	14.761522954	692.4		
T	47.222609595	14.761620952	692.7		
T	47.222674554	14.761709608	692.5		
T	47.222731866	14.761798461	692.4		
T	47.222786628	14.761893283	692.3		
T	47.222851779	14.762020309	692.5		
T	47.222903856	14.762129825	692.6		
T	47.222960075	14.762270280	692.7		
T	47.223015066	14.762429354	693.0		
T	47.223053398	14.762558385	693.0		
T	47.223088830	14.762709352	693.1		
T	47.223124790	14.762882570	693.2		
T	47.223148024	14.763038243	693.3		
T	47.223162830	14.763168313	693.4		
T	47.223176823	14.763378034	693.4		
T	47.223179521	14.763576337	693.4		
T	47.223185211	14.763830581	694.3		
T	47.223195041	14.764527096	695.3		
T	47.223194705	14.764742173	696.1		
T	47.223206537	14.765590901	700.3		
T	47.223226646	14.766770494	703.6		
T	47.223232600	14.767179253	703.9		
T	47.223236477	14.767383703	703.8		
T	47.223246159	14.767812764	703.2		
T	47.223257494	14.768484009	701.8		
T	47.223264543	14.768913323	700.9		
T	47.223262844	14.769164027	699.7		
T	47.223263414	14.769255380	699.5		
T	47.223255881	14.769331028	699.2		
T	47.223250909	14.769386711	699.0		
T	47.223228398	14.769495514	698.4		
T	47.223195087	14.769613858	698.0		
T	47.223157377	14.769715808	697.7		
T	47.223114054	14.769798468	697.3		
T	47.223053933	14.769896138	697.0		
T	47.222996399	14.769965977	696.6		
T	47.222921937	14.770042062	696.0		
T	47.222868244	14.770083307	695.7		
T	47.222804139	14.770120171	695.2		
T	47.222728003	14.770161222	694.6		
T	47.222446584	14.770282733	692.6		
T	47.222315050	14.770339214	691.7		
T	47.222102620	14.770432749	689.9		
T	47.221923873	14.770510263	688.6		
T	47.221675084	14.770618859	686.3		
T	47.221565850	14.770656588	685.6		
T	47.221494267	14.770687637	685.2		
T	47.221453742	14.770703430	685.0		
T	47.221410164	14.770710858	684.7		
T	47.221360450	14.770703345	684.5		
T	47.221308957	14.770677068	684.4		
T	47.221269704	14.770640791	684.3		
T	47.221218068	14.770569962	684.1		
T	47.221154245	14.770455319	683.3		
T	47.221111066	14.770378979	682.7		
T	47.221055536	14.770259789	682.3		
T	47.221005063	14.770143965	682.1		
T	47.220931401	14.769967085	681.6		
T	47.220877225	14.769817374	681.3		
T	47.220830585	14.769675878	681.0		
T	47.220798194	14.769564202	681.1		
T	47.220764544	14.769438587	681.0		
T	47.220744726	14.769347172	680.8		
T	47.220703590	14.769161352	680.5		
T	47.220649102	14.768878173	680.6		
T	47.220572840	14.768469426	679.5		
T	47.220488758	14.768011520	679.9		
T	47.220317279	14.767084841	679.2		
T	47.220255390	14.766750323	678.7		
