type	latitude	longitude	altitude (m)	name	desc
T	47.220362157	14.766708790	677.8	Red Bull Ring Inner	
T	47.220210674	14.765887272	677.8		
T	47.219913421	14.764282738	678.1		
T	47.219544060	14.762285847	682.3		
T	47.219332160	14.761137819	692.1		
T	47.219322545	14.761085126	692.4		
T	47.219320038	14.761057180	692.6		
T	47.219320230	14.761027938	692.7		
T	47.219321590	14.761004469	692.8		
T	47.219329634	14.760979825	692.8		
T	47.219341403	14.760953545	692.8		
T	47.219357552	14.760929835	692.8		
T	47.219376292	14.760907575	692.8		
T	47.219428637	14.760869764	692.8		
T	47.219492908	14.760821255	693.3		
T	47.219649550	14.760696101	694.4		
T	47.219721925	14.760631912	694.7		
T	47.220146411	14.760177287	696.2		
T	47.220184909	14.760130570	696.2		
T	47.220242537	14.760068613	696.1		
T	47.220284726	14.760023682	696.0		
T	47.220339647	14.759964334	696.0		
T	47.220401704	14.759898740	696.1		
T	47.220482078	14.759813296	696.1		
T	47.220595348	14.759692739	696.1		
T	47.220756346	14.759523075	696.2		
T	47.220926886	14.759342561	696.0		
T	47.221104948	14.759157462	696.1		
T	47.221294119	14.758963064	696.1		
T	47.221456642	14.758809989	696.0		
T	47.221593573	14.758681836	696.0		
T	47.221722066	14.758566765	696.3		
T	47.221913556	14.758407905	696.8		
T	47.222202505	14.758176836	697.6		
T	47.222466473	14.757980472	699.0		
T	47.222651538	14.757852057	699.4		
T	47.222902827	14.757684741	700.6		
T	47.223231678	14.757470730	701.7		
T	47.223483069	14.757306883	702.7		
T	47.223709996	14.757150682	703.4		
T	47.223955357	14.756964641	704.5		
T	47.224105534	14.756840629	705.6		
T	47.224249598	14.756704911	706.6		
T	47.224343078	14.756614019	707.5		
T	47.224444215	14.756506010	708.6		
T	47.224530365	14.756410710	709.5		
T	47.224695555	14.756207868	711.4		
T	47.224832965	14.756030340	713.8		
T	47.225120435	14.755611318	718.5		
T	47.225320916	14.755316028	722.3		
T	47.225536778	14.754998744	725.7		
T	47.225676092	14.754796404	728.5		
T	47.225828370	14.754572640	731.5		
T	47.225935680	14.754412685	733.9		
T	47.226034570	14.754267510	735.8		
T	47.226090979	14.754185186	736.7		
T	47.226116145	14.754153621	737.1		
T	47.226133580	14.754138955	737.4		
T	47.226152156	14.754131328	737.7		
T	47.226164717	14.754131233	737.9		
T	47.226181157	14.754136570	738.1		
T	47.226193844	14.754147530	738.2		
T	47.226204108	14.754165952	738.3		
T	47.226212131	14.754188124	738.5		
T	47.226220257	14.754219366	738.6		
T	47.226225361	14.754248371	738.6		
T	47.226257591	14.754544963	739.1		
T	47.226281602	14.754812995	739.3		
T	47.226296892	14.755014478	739.3		
T	47.226315984	14.755350269	738.9		
T	47.226326868	14.755717308	738.6		
T	47.226329728	14.755928585	738.5		
T	47.226324949	14.756392773	736.8		
T	47.226314574	14.756703644	736.0		
T	47.226299680	14.756957861	734.7		
T	47.226271779	14.757320002	733.3		
T	47.226249880	14.757545924	732.5		
T	47.226215560	14.757849268	731.9		
T	47.226173430	14.758159997	731.7		
T	47.226123000	14.758550795	730.4		
T	47.226063921	14.759000268	729.3		
T	47.225943432	14.759921884	726.6		
T	47.225856507	14.760599916	727.2		
T	47.225826811	14.760872322	726.8		
T	47.225798337	14.761165816	726.0		
T	47.225764628	14.761580960	725.1		
T	47.225740388	14.761991620	723.2		
T	47.225712014	14.762899493	719.6		
T	47.225693704	14.763638918	716.4		
T	47.225677645	14.764157017	714.8		
T	47.225675243	14.764280872	714.7		
T	47.225669027	14.764335671	714.6		
T	47.225655234	14.764390706	714.4		
T	47.225646453	14.764416111	714.3		
T	47.225633815	14.764442392	714.1		
T	47.225618886	14.764466682	713.9		
T	47.225596161	14.764500028	713.6		
T	47.225579494	14.764519383	713.3		
T	47.225559764	14.764537131	713.1		
T	47.225539079	14.764552127	712.9		
T	47.225521893	14.764562956	712.8		
T	47.225500708	14.764570207	712.7		
T	47.225480425	14.764574264	712.6		
T	47.225457014	14.764575152	712.5		
T	47.225438705	14.764572812	712.4		
T	47.225413802	14.764570653	712.2		
T	47.225394709	14.764563116	712.1		
T	47.225364926	14.764545705	711.9		
T	47.225312455	14.764501608	711.4		
T	47.225224110	14.764418353	710.6		
T	47.225123283	14.764317546	709.8		
T	47.225032147	14.764216790	709.2		
T	47.224948465	14.764108701	708.6		
T	47.224872826	14.763999531	707.9		
T	47.224825651	14.763920166	707.5		
T	47.224773550	14.763825526	707.2		
T	47.224715056	14.763710508	707.0		
T	47.224651060	14.763568441	706.8		
T	47.224600630	14.763438406	706.4		
T	47.224550009	14.763285272	706.0		
T	47.224508166	14.763136711	706.0		
T	47.224475519	14.762997434	706.0		
T	47.224441082	14.762811545	706.0		
T	47.224424887	14.762700986	706.3		
T	47.224410834	14.762568093	706.8		
T	47.224403225	14.762460159	707.1		
T	47.224396904	14.762332601	707.5		
T	47.224396858	14.762120448	707.9		
T	47.224408402	14.761930527	708.0		
T	47.224432499	14.761692224	708.9		
T	47.224463526	14.761425854	708.7		
T	47.224484660	14.761235744	709.6		
T	47.224505330	14.761075642	710.5		
T	47.224540390	14.760761926	710.9		
T	47.224577692	14.760414544	710.7		
T	47.224612849	14.760099188	710.4		
T	47.224638211	14.759863098	710.4		
T	47.224646812	14.759714110	710.5		
T	47.224644103	14.759559796	710.4		
T	47.224629121	14.759430352	710.3		
T	47.224610390	14.759327810	710.2		
T	47.224582918	14.759216816	710.0		
T	47.224551673	14.759125921	709.8		
T	47.224503219	14.759010756	709.4		
T	47.224447597	14.758912635	709.0		
T	47.224373868	14.758806094	708.5		
T	47.224306999	14.758730516	708.0		
T	47.224232686	14.758667053	707.5		
T	47.224137082	14.758605680	706.8		
T	47.224059508	14.758570517	706.4		
T	47.223987178	14.758550935	705.9		
T	47.223924405	14.758538486	705.5		
T	47.223841947	14.758539288	705.0		
T	47.223774324	14.758547419	704.7		
T	47.223708210	14.758564661	704.4		
T	47.223641431	14.758589749	704.1		
T	47.223582139	14.758623443	703.7		
T	47.223529989	14.758657031	703.1		
T	47.223468076	14.758701048	702.3		
T	47.223281362	14.758855856	699.9		
T	47.223064201	14.759038445	697.5		
T	47.222767625	14.759286879	694.5		
T	47.222654541	14.759388130	693.8		
T	47.222425587	14.759582414	692.2		
T	47.222352536	14.759643976	691.8		
T	47.222298793	14.759698795	691.4		
T	47.222247387	14.759760648	691.0		
T	47.222181017	14.759863721	690.6		
T	47.222141870	14.759935178	690.5		
T	47.222097902	14.760036669	690.4		
T	47.222063258	14.760133800	690.3		
T	47.222032803	14.760251957	690.1		
T	47.222012935	14.760373055	690.0		
T	47.221998878	14.760508577	690.0		
T	47.221999846	14.760630374	690.0		
T	47.222008754	14.760747726	690.0		
T	47.222019433	14.760831624	690.0		
T	47.222040158	14.760937786	690.0		
T	47.222060691	14.761015912	690.0		
T	47.222086562	14.761094978	690.0		
T	47.222138505	14.761221765	690.4		
T	47.222177835	14.761298319	690.7		
T	47.222242684	14.761397551	691.1		
T	47.222312428	14.761478513	691.3		
T	47.222362989	14.761539044	691.5		
T	47.222443258	14.761628043	691.8		
T	47.222482266	14.761672659	691.9		
T	47.222520568	14.761717688	692.1		
T	47.222550726	14.761757361	692.1		
T	47.222594805	14.761820690	692.2		
T	47.222637793	14.761886574	692.1		
T	47.222674093	14.761948838	692.0		
T	47.222703044	14.761999517	692.0		
T	47.222742373	14.762074976	692.0		
T	47.222773761	14.762138421	692.0		
T	47.222794804	14.762184611	692.1		
T	47.222820946	14.762241320	692.2		
T	47.222840294	14.762291229	692.4		
T	47.222858891	14.762336919	692.6		
T	47.222881631	14.762397321	692.8		
T	47.222897657	14.762445896	692.9		
T	47.222923106	14.762523845	693.0		
T	47.222949696	14.762613479	692.8		
T	47.222973393	14.762705848	692.8		
T	47.223018809	14.762907829	692.8		
T	47.223034316	14.763002272	692.9		
T	47.223048895	14.763116615	692.9		
T	47.223059507	14.763240233	693.0		
T	47.223067173	14.763391069	693.0		
T	47.223073881	14.763717601	693.4		
T	47.223077715	14.764086039	693.4		
T	47.223082147	14.764382553	694.0		
T	47.223088699	14.764802445	695.5		
T	47.223099547	14.765477961	698.8		
T	47.223104541	14.765759708	700.8		
T	47.223115759	14.766353259	703.3		
T	47.223120510	14.766749265	703.2		
T	47.223131167	14.767320622	703.7		
T	47.223140789	14.768077993	701.6		
T	47.223148634	14.768587436	700.7		
T	47.223153077	14.768855569	699.6		
T	47.223156548	14.769124733	698.1		
T	47.223155285	14.769256004	697.7		
T	47.223148563	14.769312003	697.5		
T	47.223141579	14.769353736	697.3		
T	47.223133037	14.769401417	697.2		
T	47.223125204	14.769441790	697.0		
T	47.223113695	14.769486205	696.9		
T	47.223097458	14.769543879	696.9		
T	47.223083548	14.769583875	696.8		
T	47.223066692	14.769627622	696.8		
T	47.223049944	14.769663533	696.8		
T	47.223016790	14.769725964	696.7		
T	47.222972677	14.769789773	696.4		
T	47.222928082	14.769842964	696.1		
T	47.222889228	14.769884719	695.8		
T	47.222849142	14.769922710	695.5		
T	47.222792445	14.769961222	695.1		
T	47.222735485	14.769985180	694.7		
T	47.222574505	14.770054575	693.5		
T	47.222462903	14.770103570	692.7		
T	47.222381493	14.770138968	692.1		
T	47.222302498	14.770173140	691.6		
T	47.222179004	14.770229271	690.5		
T	47.222043116	14.770288415	689.1		
T	47.221905724	14.770349100	687.8		
T	47.221748089	14.770417213	686.4		
T	47.221630306	14.770468127	685.4		
T	47.221543474	14.770507511	684.9		
T	47.221477467	14.770534594	684.6		
T	47.221436106	14.770548648	684.3		
T	47.221400798	14.770549015	684.1		
T	47.221376807	14.770542587	684.0		
T	47.221349518	14.770524333	683.9		
T	47.221324640	14.770499964	683.8		
T	47.221293812	14.770453428	683.5		
T	47.221259352	14.770393652	683.1		
T	47.221182832	14.770236929	682.1		
T	47.221127163	14.770111564	681.5		
T	47.221074260	14.769977807	681.1		
T	47.221024142	14.769829777	681.1		
T	47.220972079	14.769660005	681.0		
T	47.220892386	14.769376552	680.9		
T	47.220815684	14.769079971	680.1		
T	47.220773375	14.768904154	680.2		
T	47.220744080	14.768767209	680.2		
T	47.220685753	14.768461674	679.7		
T	47.220557106	14.767766066	679.0		
T	47.220459688	14.767232939	678.7		
T	47.220391494	14.766868611	678.0		
T	47.220362157	14.766708790	677.8		
