type	latitude	longitude	altitude (m)	name	desc
T	51.207635903	-1.609080313	97.0	Thruxton Outer	
T	51.207722440	-1.609143888	97.0		
T	51.207831037	-1.609215940	97.0		
T	51.207963958	-1.609296284	97.0		
T	51.208190402	-1.609434094	97.0		
T	51.208265060	-1.609474445	97.0		
T	51.208447486	-1.609553898	97.2		
T	51.208573914	-1.609601968	97.5		
T	51.208673527	-1.609633560	97.8		
T	51.208740019	-1.609649949	97.9		
T	51.208829842	-1.609667199	98.0		
T	51.208919002	-1.609673598	98.0		
T	51.208998925	-1.609668394	98.0		
T	51.209082388	-1.609651935	98.0		
T	51.209179805	-1.609617828	98.0		
T	51.209270361	-1.609574336	98.2		
T	51.209329079	-1.609537074	98.2		
T	51.209409701	-1.609473377	98.1		
T	51.209517072	-1.609366676	98.2		
T	51.209597376	-1.609270700	98.2		
T	51.209702222	-1.609134415	98.0		
T	51.209810419	-1.608984161	98.1		
T	51.209904326	-1.608834417	98.0		
T	51.210005866	-1.608656666	98.0		
T	51.210132946	-1.608416697	97.6		
T	51.210198034	-1.608250092	97.6		
T	51.210270942	-1.608061378	97.0		
T	51.210332981	-1.607918624	97.2		
T	51.210424486	-1.607724151	97.6		
T	51.210497934	-1.607579673	97.9		
T	51.210579440	-1.607429420	98.4		
T	51.210659619	-1.607294903	98.9		
T	51.210749219	-1.607153540	98.9		
T	51.210820537	-1.607055042	99.0		
T	51.210909714	-1.606947775	99.3		
T	51.211022349	-1.606824636	99.4		
T	51.211113111	-1.606731622	99.2		
T	51.211222611	-1.606626088	99.4		
T	51.211362141	-1.606498872	99.9		
T	51.211488341	-1.606399895	100.4		
T	51.211604653	-1.606317539	100.6		
T	51.211720196	-1.606249798	100.6		
T	51.211793633	-1.606210487	100.7		
T	51.211869330	-1.606176682	100.8		
T	51.211979303	-1.606136164	101.0		
T	51.212126510	-1.606095945	101.0		
T	51.212305625	-1.606063246	101.2		
T	51.212467744	-1.606038205	101.7		
T	51.212590574	-1.606012748	101.6		
T	51.212685993	-1.605989076	101.6		
T	51.212774658	-1.605955332	101.4		
T	51.212897578	-1.605900591	101.7		
T	51.212965856	-1.605863563	101.8		
T	51.213045396	-1.605814640	101.9		
T	51.213117953	-1.605757199	101.7		
T	51.213148937	-1.605722973	101.6		
T	51.213182988	-1.605673330	101.4		
T	51.213210985	-1.605609381	101.2		
T	51.213228512	-1.605552964	101.0		
T	51.213239024	-1.605490749	101.0		
T	51.213241891	-1.605414752	101.0		
T	51.213222353	-1.604367329	99.4		
T	51.213222396	-1.604313706	99.3		
T	51.213221770	-1.604267494	99.2		
T	51.213223266	-1.604232664	99.1		
T	51.213223934	-1.604208278	99.1		
T	51.213227762	-1.604178718	99.0		
T	51.213234631	-1.604149629	99.0		
T	51.213245608	-1.604124479	99.0		
T	51.213259902	-1.604104151	98.9		
T	51.213275595	-1.604081250	98.9		
T	51.214014653	-1.603343745	98.0		
T	51.214124234	-1.603232208	98.0		
T	51.214169588	-1.603171612	98.0		
T	51.214205206	-1.603107299	97.9		
T	51.214222695	-1.603057656	97.8		
T	51.214237465	-1.603002080	97.6		
T	51.214264574	-1.602841589	97.1		
T	51.214282227	-1.602725170	96.9		
T	51.214296708	-1.602604795	96.7		
T	51.214312815	-1.602464118	96.4		
T	51.214325652	-1.602287302	96.1		
T	51.214333958	-1.602168839	95.9		
T	51.214339496	-1.602057812	95.6		
T	51.214343074	-1.601948445	95.4		
T	51.214343172	-1.601861080	95.3		
T	51.214342318	-1.601773064	95.1		
T	51.214337143	-1.601596292	94.8		
T	51.214324343	-1.601361561	94.4		
T	51.214307741	-1.601125244	94.5		
T	51.214287699	-1.600917320	94.6		
T	51.214271789	-1.600788010	94.6		
T	51.214231521	-1.600494232	94.5		
T	51.214193850	-1.600258075	94.7		
T	51.214167449	-1.600108891	94.4		
T	51.214112708	-1.599838248	94.2		
T	51.214071748	-1.599666568	94.3		
T	51.213993121	-1.599369837	94.6		
T	51.213929499	-1.599163110	94.9		
T	51.213809544	-1.598788432	95.0		
T	51.213645740	-1.598292658	95.1		
T	51.213566414	-1.598104294	95.2		
T	51.213486249	-1.597933784	95.5		
T	51.213418416	-1.597800788	95.3		
T	51.213356988	-1.597684886	95.2		
T	51.213306301	-1.597567110	95.1		
T	51.213267251	-1.597460086	95.3		
T	51.213243963	-1.597394141	95.5		
T	51.213231604	-1.597351899	95.5		
T	51.213214323	-1.597294259	95.5		
T	51.213198585	-1.597237324	95.5		
T	51.213184907	-1.597176967	95.7		
T	51.213169508	-1.597092637	96.0		
T	51.213157779	-1.597000191	96.2		
T	51.213145534	-1.596884422	96.4		
T	51.213136515	-1.596772657	96.3		
T	51.213128619	-1.596663704	96.3		
T	51.213114707	-1.596448846	96.1		
T	51.213108801	-1.596324618	96.0		
T	51.213106127	-1.596209780	96.0		
T	51.213106003	-1.596114369	96.1		
T	51.213109381	-1.596037623	96.1		
T	51.213114506	-1.595963704	96.0		
T	51.213124266	-1.595886909	96.1		
T	51.213138734	-1.595800310	96.1		
T	51.213155036	-1.595713771	96.0		
T	51.213186139	-1.595573562	95.6		
T	51.213234061	-1.595382553	94.8		
T	51.213298481	-1.595171066	94.1		
T	51.213393915	-1.594887708	95.0		
T	51.213456795	-1.594690202	94.8		
T	51.213501382	-1.594538745	94.4		
T	51.213551119	-1.594342670	94.0		
T	51.213590043	-1.594184855	94.0		
T	51.213617740	-1.594067483	93.8		
T	51.213655029	-1.593897746	94.0		
T	51.213674497	-1.593797309	94.1		
T	51.213693284	-1.593682246	94.1		
T	51.213711970	-1.593540206	93.8		
T	51.213729064	-1.593379205	93.2		
T	51.213746272	-1.593125761	93.0		
T	51.213750204	-1.592983135	93.0		
T	51.213747887	-1.592839646	93.0		
T	51.213742413	-1.592682577	93.0		
T	51.213733152	-1.592538577	93.0		
T	51.213722327	-1.592437423	93.0		
T	51.213713922	-1.592358879	93.0		
T	51.213699438	-1.592253221	93.0		
T	51.213677733	-1.592120750	93.0		
T	51.213627843	-1.591900862	93.0		
T	51.213573562	-1.591712850	93.0		
T	51.213524735	-1.591554064	93.0		
T	51.213476575	-1.591418411	93.0		
T	51.213423385	-1.591291949	93.0		
T	51.213372575	-1.591188387	93.0		
T	51.213321964	-1.591100384	93.0		
T	51.213260178	-1.591009577	93.0		
T	51.213149337	-1.590866812	93.0		
T	51.213080630	-1.590786989	93.0		
T	51.212999059	-1.590701335	92.9		
T	51.212945464	-1.590649989	92.7		
T	51.212864392	-1.590576642	92.4		
T	51.212718384	-1.590480479	92.0		
T	51.212595498	-1.590409694	92.0		
T	51.212555353	-1.590389069	92.0		
T	51.212508777	-1.590365839	92.0		
T	51.212342180	-1.590301433	91.5		
T	51.212008276	-1.590203245	91.0		
T	51.211907786	-1.590177914	90.9		
T	51.211807851	-1.590164213	90.5		
T	51.211630549	-1.590152839	90.0		
T	51.211380728	-1.590152065	90.0		
T	51.211246774	-1.590156487	89.8		
T	51.211145135	-1.590164015	89.6		
T	51.211037677	-1.590182773	89.5		
T	51.210818695	-1.590237619	89.0		
T	51.210615736	-1.590301250	89.0		
T	51.210431245	-1.590375776	88.6		
T	51.210351086	-1.590414419	88.3		
T	51.210256665	-1.590469606	88.0		
T	51.210089807	-1.590591089	88.0		
T	51.209867394	-1.590769081	87.5		
T	51.209348360	-1.591192994	85.7		
T	51.209047907	-1.591464392	84.7		
T	51.208750219	-1.591753574	84.2		
T	51.208519982	-1.591982994	83.7		
T	51.208398331	-1.592114267	83.7		
T	51.208282502	-1.592262927	83.8		
T	51.208127668	-1.592483115	83.3		
T	51.208044559	-1.592609673	83.0		
T	51.207987893	-1.592708475	82.8		
T	51.207923098	-1.592845121	82.8		
T	51.207862972	-1.593007635	83.1		
T	51.207824363	-1.593136761	83.2		
T	51.207723928	-1.593544809	82.6		
T	51.207663393	-1.593842939	82.5		
T	51.207641964	-1.593993620	82.5		
T	51.207625528	-1.594157218	82.5		
T	51.207613080	-1.594345875	82.4		
T	51.207609351	-1.594563297	82.4		
T	51.207614433	-1.594703125	82.4		
T	51.207620720	-1.594811580	82.4		
T	51.207638154	-1.595088159	82.5		
T	51.207648134	-1.595303580	82.5		
T	51.207653100	-1.595440583	82.6		
T	51.207657894	-1.595597611	82.6		
T	51.207664670	-1.595881755	82.6		
T	51.207670004	-1.596140895	82.6		
T	51.207667552	-1.596429822	82.6		
T	51.207663215	-1.596645533	82.6		
T	51.207657322	-1.596865416	82.6		
T	51.207639164	-1.597309208	83.0		
T	51.207621708	-1.597641592	83.0		
T	51.207600833	-1.597989057	83.0		
T	51.207578204	-1.598257807	83.2		
T	51.207553204	-1.598510024	83.1		
T	51.207531115	-1.598725522	83.0		
T	51.207485922	-1.599073685	83.0		
T	51.207421996	-1.599487891	83.1		
T	51.207370366	-1.599813671	83.7		
T	51.207303183	-1.600166947	84.0		
T	51.207254410	-1.600435391	84.1		
T	51.207196443	-1.600707556	84.5		
T	51.207050052	-1.601333305	85.8		
T	51.206968471	-1.601671692	87.0		
T	51.206896876	-1.601957873	88.3		
T	51.206802098	-1.602280443	88.2		
T	51.206673994	-1.602652255	89.0		
T	51.206607114	-1.602833260	89.5		
T	51.206436886	-1.603259112	90.1		
T	51.206299894	-1.603579058	91.0		
T	51.206216739	-1.603779637	91.2		
T	51.206183548	-1.603859914	91.2		
T	51.206149276	-1.603947423	91.3		
T	51.206107321	-1.604055518	91.6		
T	51.206076585	-1.604137354	92.2		
T	51.206044593	-1.604224191	92.4		
T	51.205997318	-1.604374758	92.5		
T	51.205948939	-1.604552554	92.5		
T	51.205915436	-1.604702477	92.3		
T	51.205882881	-1.604900499	92.8		
T	51.205862241	-1.605074453	93.3		
T	51.205852345	-1.605216092	93.8		
T	51.205849347	-1.605423575	94.0		
T	51.205857371	-1.605656890	94.5		
T	51.205881319	-1.605899289	95.2		
T	51.205899507	-1.606009147	95.2		
T	51.205914535	-1.606075986	95.3		
T	51.205933699	-1.606120120	95.4		
T	51.205955792	-1.606157583	95.5		
T	51.205998765	-1.606213068	95.7		
T	51.206032645	-1.606250117	95.9		
T	51.206074728	-1.606289558	96.0		
T	51.206107550	-1.606318906	96.0		
T	51.206149619	-1.606355098	96.1		
T	51.206186503	-1.606385036	96.3		
T	51.206203145	-1.606411344	96.4		
T	51.206215465	-1.606434247	96.5		
T	51.206221336	-1.606448038	96.5		
T	51.206225223	-1.606464496	96.6		
T	51.206225978	-1.606485402	96.6		
T	51.206224470	-1.606505122	96.7		
T	51.206220226	-1.606527028	96.7		
T	51.206213576	-1.606548745	96.7		
T	51.206206087	-1.606575919	96.8		
T	51.206198225	-1.606595553	96.8		
T	51.206174083	-1.606649500	97.0		
T	51.206139880	-1.606717934	97.0		
T	51.206121249	-1.606773080	97.0		
T	51.206110255	-1.606830439	97.0		
T	51.206103996	-1.606884578	97.0		
T	51.206101712	-1.606941012	97.0		
T	51.206101480	-1.606988153	97.0		
T	51.206110385	-1.607050047	97.0		
T	51.206126694	-1.607110240	97.0		
T	51.206154127	-1.607181650	97.1		
T	51.206207665	-1.607304519	97.3		
T	51.206276199	-1.607440908	97.6		
T	51.206296206	-1.607477473	97.7		
T	51.206309645	-1.607512884	97.7		
T	51.206420267	-1.607707701	98.0		
T	51.206548300	-1.607913800	98.0		
T	51.206745369	-1.608181578	97.7		
T	51.206853462	-1.608317868	97.7		
T	51.206932958	-1.608412364	98.0		
T	51.207014351	-1.608497252	97.9		
T	51.207139593	-1.608628945	97.3		
T	51.207269498	-1.608759721	97.0		
T	51.207438191	-1.608914391	97.0		
T	51.207550799	-1.609015179	97.0		
T	51.207635903	-1.609080313	97.0		
