type	latitude	longitude	altitude (m)	name	desc
T	34.844967571	136.538548572	32.4	Suzuka Inner	
T	34.843107909	136.540418490	30.2		
T	34.842528113	136.541002603	27.2		
T	34.842128790	136.541408452	24.7		
T	34.841431211	136.542115107	22.9		
T	34.841112966	136.542442302	20.6		
T	34.840726217	136.542832135	18.5		
T	34.840433722	136.543126576	18.0		
T	34.840380465	136.543180144	18.0		
T	34.840328384	136.543226078	18.0		
T	34.840285516	136.543254228	18.0		
T	34.840231485	136.543286525	18.1		
T	34.840207257	136.543299787	18.1		
T	34.840185879	136.543311445	18.1		
T	34.840142525	136.543329537	18.0		
T	34.840096471	136.543346650	18.0		
T	34.840055766	136.543358028	17.9		
T	34.840012992	136.543365115	17.9		
T	34.839961984	136.543373810	18.1		
T	34.839907445	136.543376456	18.5		
T	34.839851023	136.543376019	18.8		
T	34.839774028	136.543361290	19.4		
T	34.839708988	136.543342268	19.9		
T	34.839386738	136.543217940	19.9		
T	34.839307086	136.543186945	19.7		
T	34.839266169	136.543168047	19.6		
T	34.839218533	136.543137195	19.4		
T	34.839177886	136.543103560	19.2		
T	34.839143833	136.543066955	19.2		
T	34.839121665	136.543036254	19.3		
T	34.839098609	136.542994277	19.3		
T	34.839076933	136.542955510	19.4		
T	34.839063472	136.542925933	19.4		
T	34.839049252	136.542894962	19.5		
T	34.839038209	136.542868009	19.6		
T	34.839029208	136.542836707	19.6		
T	34.839017877	136.542789917	19.6		
T	34.839010342	136.542743059	19.4		
T	34.839004145	136.542689835	18.9		
T	34.839002347	136.542626809	18.4		
T	34.839004972	136.542577117	17.9		
T	34.839010572	136.542533153	17.4		
T	34.839018238	136.542493420	17.1		
T	34.839025628	136.542460655	16.9		
T	34.839037150	136.542415821	16.8		
T	34.839055641	136.542367750	16.6		
T	34.839088961	136.542297930	16.4		
T	34.839125023	136.542241164	16.2		
T	34.839172693	136.542186079	15.9		
T	34.839246412	136.542121228	15.8		
T	34.839542124	136.541890418	17.3		
T	34.839847112	136.541652743	18.6		
T	34.840409041	136.541212023	19.4		
T	34.840444039	136.541181523	19.1		
T	34.840476555	136.541150626	18.9		
T	34.840531131	136.541089164	18.5		
T	34.840605882	136.540989008	18.1		
T	34.840652680	136.540902594	18.3		
T	34.840684101	136.540827346	18.7		
T	34.840707190	136.540762055	19.0		
T	34.840728227	136.540669556	19.8		
T	34.840739821	136.540582262	20.7		
T	34.840746389	136.540476777	21.6		
T	34.840744550	136.540342784	22.5		
T	34.840746204	136.540212130	23.9		
T	34.840749815	136.540126911	25.0		
T	34.840755368	136.540072353	25.6		
T	34.840766711	136.540014459	26.3		
T	34.840777826	136.539969460	26.8		
T	34.840787539	136.539935053	27.3		
T	34.840798050	136.539902879	27.7		
T	34.840811933	136.539868188	28.1		
T	34.840829379	136.539829331	28.5		
T	34.840848158	136.539790027	28.9		
T	34.840877568	136.539742347	29.4		
T	34.840901380	136.539706801	29.7		
T	34.840931771	136.539670020	30.0		
T	34.840982355	136.539618621	30.0		
T	34.841015762	136.539587278	29.8		
T	34.841070513	136.539549788	29.3		
T	34.841128525	136.539518070	28.5		
T	34.841241304	136.539476548	27.1		
T	34.841611651	136.539361605	26.9		
T	34.841802816	136.539294677	28.3		
T	34.841850097	136.539275476	28.7		
T	34.841901662	136.539246645	29.2		
T	34.841990829	136.539181288	29.6		
T	34.842050481	136.539127054	29.9		
T	34.842104104	136.539067335	30.4		
T	34.842184651	136.538955534	31.4		
T	34.842234163	136.538864315	32.2		
T	34.842260760	136.538804670	32.8		
T	34.842298010	136.538685789	34.1		
T	34.842320060	136.538589902	35.0		
T	34.842334216	136.538472452	35.2		
T	34.842346815	136.537975059	37.0		
T	34.842353499	136.537907603	37.3		
T	34.842359968	136.537850627	37.6		
T	34.842370701	136.537783521	37.9		
T	34.842385795	136.537717481	38.7		
T	34.842401152	136.537662496	39.4		
T	34.842419524	136.537606746	40.0		
T	34.842439548	136.537557513	40.3		
T	34.842470164	136.537496237	40.6		
T	34.842501150	136.537440971	40.8		
T	34.842540893	136.537382670	40.6		
T	34.842573266	136.537342102	40.3		
T	34.842616728	136.537294376	39.7		
T	34.842667579	136.537244745	38.9		
T	34.842725810	136.537198146	37.7		
T	34.842796333	136.537151741	36.5		
T	34.842880052	136.537111625	36.6		
T	34.842967269	136.537088666	36.6		
T	34.843041811	136.537082685	36.5		
T	34.843126550	136.537089152	37.2		
T	34.843181444	136.537102602	37.7		
T	34.843256067	136.537128580	38.3		
T	34.843777819	136.537360232	38.7		
T	34.843827751	136.537381665	38.4		
T	34.843896215	136.537408095	38.0		
T	34.843953243	136.537420389	37.6		
T	34.844004176	136.537427887	37.4		
T	34.844072343	136.537429466	37.1		
T	34.844150768	136.537423297	36.9		
T	34.844219237	136.537408601	37.0		
T	34.844290942	136.537390199	37.4		
T	34.844348735	136.537365112	37.8		
T	34.844419147	136.537327720	38.4		
T	34.844481925	136.537283636	39.4		
T	34.844554855	136.537223790	40.8		
T	34.844605068	136.537170814	42.1		
T	34.844665640	136.537092343	43.9		
T	34.844709575	136.537019266	45.6		
T	34.844748136	136.536943442	47.1		
T	34.844772304	136.536899486	47.6		
T	34.844874896	136.536661329	49.4		
T	34.844944984	136.536476536	48.8		
T	34.844970600	136.536396820	48.3		
T	34.844993576	136.536319180	48.1		
T	34.845011278	136.536248528	48.0		
T	34.845025901	136.536194620	48.1		
T	34.845049296	136.536088008	48.2		
T	34.845068954	136.535974069	48.5		
T	34.845082207	136.535879050	48.8		
T	34.845091863	136.535773206	48.3		
T	34.845098950	136.535636809	47.0		
T	34.845100730	136.535519557	45.9		
T	34.845097639	136.535310533	44.0		
T	34.845087046	136.535171816	43.8		
T	34.845069592	136.535064049	43.8		
T	34.845045932	136.534948732	44.3		
T	34.845015698	136.534830381	45.6		
T	34.844980176	136.534725876	46.8		
T	34.844899614	136.534508920	47.0		
T	34.844840197	136.534362517	46.8		
T	34.844786324	136.534251481	46.5		
T	34.844733750	136.534156516	46.1		
T	34.844651832	136.534018649	45.5		
T	34.844605610	136.533949099	45.1		
T	34.844540619	136.533865022	44.5		
T	34.844472523	136.533789310	44.0		
T	34.844367491	136.533680453	44.0		
T	34.844068202	136.533382682	43.2		
T	34.843396083	136.532711111	43.9		
T	34.843378303	136.532693815	43.8		
T	34.843353232	136.532670596	43.6		
T	34.843329933	136.532646991	43.4		
T	34.843313783	136.532617933	43.4		
T	34.843308012	136.532603044	43.4		
T	34.843300136	136.532581002	43.5		
T	34.843291250	136.532534498	43.6		
T	34.843179416	136.531087817	41.0		
T	34.843178926	136.531049359	41.1		
T	34.843184685	136.531002005	41.2		
T	34.843195215	136.530960234	41.3		
T	34.843211353	136.530925348	41.3		
T	34.843225907	136.530906348	41.3		
T	34.843243319	136.530885102	41.3		
T	34.843260868	136.530870958	41.2		
T	34.843282624	136.530855411	41.2		
T	34.843308385	136.530843648	41.1		
T	34.843367876	136.530822598	41.3		
T	34.843551621	136.530773977	42.8		
T	34.843572622	136.530767269	42.9		
T	34.843751522	136.530723937	45.1		
T	34.844402439	136.530564758	45.2		
T	34.845346699	136.530333365	44.4		
T	34.845549053	136.530284683	45.0		
T	34.845693989	136.530250844	45.7		
T	34.845756103	136.530238681	46.0		
T	34.845819912	136.530231134	46.4		
T	34.845858640	136.530226910	46.8		
T	34.845911483	136.530229019	47.6		
T	34.845971872	136.530234191	48.5		
T	34.846031044	136.530244026	49.5		
T	34.846101463	136.530259297	50.7		
T	34.846161867	136.530280589	51.6		
T	34.846247485	136.530313135	53.3		
T	34.846570000	136.530478360	57.5		
T	34.846717119	136.530558845	56.7		
T	34.846911714	136.530680003	56.6		
T	34.846946699	136.530698863	56.6		
T	34.846988980	136.530713124	56.9		
T	34.847018997	136.530717404	57.0		
T	34.847061847	136.530714202	57.1		
T	34.847098162	136.530704266	57.2		
T	34.847135132	136.530688558	57.1		
T	34.847167127	136.530667379	57.0		
T	34.847193568	136.530642368	56.8		
T	34.847226959	136.530602915	56.6		
T	34.847255328	136.530552992	56.4		
T	34.847271230	136.530509997	56.6		
T	34.847279602	136.530469502	56.7		
T	34.847283366	136.530425280	56.8		
T	34.847280312	136.530370993	56.8		
T	34.847274928	136.530329974	56.7		
T	34.847253444	136.530262372	56.6		
T	34.847231058	136.530219371	56.5		
T	34.847194340	136.530172433	56.6		
T	34.847159474	136.530138545	56.6		
T	34.847130255	136.530110256	56.5		
T	34.846973540	136.530007482	56.2		
T	34.846836592	136.529923370	56.2		
T	34.846719111	136.529847962	56.3		
T	34.846602275	136.529770438	55.8		
T	34.846349903	136.529571433	54.2		
T	34.846191134	136.529442934	54.6		
T	34.846072679	136.529345230	53.8		
T	34.845974826	136.529259060	52.9		
T	34.845925138	136.529209790	52.6		
T	34.845880960	136.529163230	52.6		
T	34.845845608	136.529120700	52.8		
T	34.845799293	136.529058733	53.4		
T	34.845704773	136.528924338	55.0		
T	34.845662116	136.528857779	56.0		
T	34.845630676	136.528804534	56.9		
T	34.845595016	136.528736706	58.0		
T	34.845556542	136.528652512	59.3		
T	34.845545518	136.528624626	59.6		
T	34.845527635	136.528572463	59.8		
T	34.845511854	136.528514120	59.9		
T	34.845496748	136.528451707	59.9		
T	34.845476568	136.528350219	60.1		
T	34.845458033	136.528228524	59.1		
T	34.845442844	136.528076276	57.8		
T	34.845413130	136.527693226	55.2		
T	34.845410585	136.527614750	54.9		
T	34.845412747	136.527509341	54.5		
T	34.845415981	136.527438734	54.4		
T	34.845427843	136.527268553	54.2		
T	34.845438800	136.527149583	54.0		
T	34.845458695	136.527004322	54.0		
T	34.845486481	136.526858766	53.9		
T	34.845517893	136.526709573	54.1		
T	34.845551677	136.526572793	53.9		
T	34.845644247	136.526247259	52.6		
T	34.845691403	136.526097022	52.4		
T	34.845719980	136.526003330	52.3		
T	34.845781025	136.525824407	52.2		
T	34.845814101	136.525735807	52.4		
T	34.845850614	136.525647905	52.6		
T	34.845894326	136.525558917	52.9		
T	34.845936308	136.525483213	53.0		
T	34.846000435	136.525371819	53.1		
T	34.846037029	136.525310399	53.2		
T	34.846081569	136.525243083	53.4		
T	34.846126910	136.525180745	53.8		
T	34.846171629	136.525121296	54.1		
T	34.846196898	136.525094096	54.3		
T	34.846236913	136.525044639	54.5		
T	34.846266399	136.525011625	54.7		
T	34.846296021	136.524980175	55.0		
T	34.846324331	136.524949021	55.3		
T	34.846359139	136.524909985	55.7		
T	34.846395928	136.524872632	56.1		
T	34.846451705	136.524819857	56.8		
T	34.846513598	136.524765699	57.7		
T	34.846596517	136.524695589	58.9		
T	34.846699145	136.524621451	60.0		
T	34.846810820	136.524544319	60.9		
T	34.846957589	136.524461707	62.1		
T	34.847861519	136.523986188	57.7		
T	34.848061307	136.523880276	60.0		
T	34.848115434	136.523848281	60.0		
T	34.848168794	136.523807711	60.0		
T	34.848207309	136.523769928	60.0		
T	34.848247716	136.523722261	60.0		
T	34.848297456	136.523652567	60.0		
T	34.848336435	136.523578906	60.0		
T	34.848362683	136.523509337	60.1		
T	34.848384340	136.523438864	60.1		
T	34.848400899	136.523349702	60.0		
T	34.848410232	136.523245556	60.0		
T	34.848416296	136.523175956	60.0		
T	34.848418917	136.523071462	60.0		
T	34.848414915	136.522978810	59.8		
T	34.848405194	136.522861979	59.5		
T	34.848394894	136.522767188	59.2		
T	34.848383551	136.522680830	59.0		
T	34.848372465	136.522614640	58.8		
T	34.848356761	136.522546055	58.5		
T	34.848340522	136.522477691	58.4		
T	34.848304757	136.522361748	59.8		
T	34.848282717	136.522299689	60.5		
T	34.848257279	136.522234207	61.0		
T	34.848226433	136.522170771	61.2		
T	34.848196239	136.522120536	61.3		
T	34.848161507	136.522072328	61.2		
T	34.848122080	136.522032484	61.1		
T	34.848085880	136.521997254	60.9		
T	34.848045211	136.521965952	60.7		
T	34.847998255	136.521935769	60.4		
T	34.847945177	136.521908728	60.0		
T	34.847885114	136.521888585	59.6		
T	34.847853738	136.521880422	59.4		
T	34.847790419	136.521873589	58.9		
T	34.847699686	136.521875771	58.8		
T	34.847613951	136.521893476	58.7		
T	34.847542369	136.521921168	58.3		
T	34.847480856	136.521951110	57.9		
T	34.847407723	136.521993556	57.3		
T	34.847345838	136.522036153	56.5		
T	34.847283652	136.522085799	55.3		
T	34.847219609	136.522149501	53.6		
T	34.847153636	136.522221904	52.5		
T	34.847097339	136.522289728	51.8		
T	34.847015705	136.522386754	50.7		
T	34.846836208	136.522653205	47.8		
T	34.846555425	136.523091574	46.7		
T	34.846489031	136.523213182	46.4		
T	34.846277234	136.523582538	44.9		
T	34.846141310	136.523835900	44.2		
T	34.845975116	136.524171111	48.1		
T	34.845864888	136.524406453	48.3		
T	34.845769679	136.524625575	47.3		
T	34.845597072	136.525026527	45.6		
T	34.845487867	136.525334798	47.6		
T	34.845368015	136.525693139	47.7		
T	34.845297768	136.525917781	46.2		
T	34.845181273	136.526309970	46.1		
T	34.845033204	136.526821427	47.5		
T	34.844865537	136.527398964	51.3		
T	34.844695811	136.527985219	52.7		
T	34.844462556	136.528789014	47.6		
T	34.843986395	136.530421395	44.2		
T	34.843947481	136.530557741	45.2		
T	34.843923872	136.530638125	46.2		
T	34.843880573	136.530784506	48.2		
T	34.843855880	136.530866878	48.3		
T	34.843840515	136.530933585	47.7		
T	34.843829677	136.530996478	47.2		
T	34.843822794	136.531042187	46.9		
T	34.843816869	136.531125104	46.4		
T	34.843816870	136.531236669	46.3		
T	34.843831021	136.531362798	46.6		
T	34.843850633	136.531459424	47.2		
T	34.843872474	136.531556633	47.7		
T	34.843914961	136.531727258	48.3		
T	34.843942473	136.531823717	48.5		
T	34.843972084	136.531918568	48.6		
T	34.844011034	136.532031036	48.7		
T	34.844050906	136.532150934	48.7		
T	34.844108974	136.532296220	48.5		
T	34.844166326	136.532420589	48.3		
T	34.844203603	136.532493831	48.2		
T	34.844268755	136.532619562	47.9		
T	34.844346945	136.532754184	47.7		
T	34.844402327	136.532845422	47.6		
T	34.844472188	136.532948868	47.7		
T	34.844545357	136.533049923	48.1		
T	34.844653333	136.533191674	48.8		
T	34.844756490	136.533326336	49.3		
T	34.844831902	136.533421513	49.3		
T	34.845056518	136.533713791	50.0		
T	34.845242660	136.533957530	50.5		
T	34.845313705	136.534050474	50.8		
T	34.845432716	136.534207585	51.3		
T	34.845481900	136.534272501	51.2		
T	34.845579660	136.534401971	50.7		
T	34.845615801	136.534453384	50.6		
T	34.845698199	136.534579814	50.6		
T	34.845727525	136.534630651	50.5		
T	34.845822022	136.534813029	51.2		
T	34.845844899	136.534859653	51.6		
T	34.845859301	136.534896781	51.9		
T	34.845861382	136.534917147	52.0		
T	34.845858282	136.534938033	52.1		
T	34.845851284	136.534955921	52.0		
T	34.845837155	136.534981790	52.0		
T	34.845812191	136.535017879	51.8		
T	34.845700083	136.535171580	51.5		
T	34.845658170	136.535225846	51.4		
T	34.845639996	136.535257318	51.5		
T	34.845625680	136.535288401	51.5		
T	34.845617747	136.535320450	51.5		
T	34.845608715	136.535351551	51.5		
T	34.845604925	136.535380726	51.6		
T	34.845603716	136.535419199	51.7		
T	34.845606702	136.535456491	51.8		
T	34.845612975	136.535484221	51.8		
T	34.845623404	136.535521058	51.9		
T	34.845636300	136.535551532	52.0		
T	34.845658762	136.535591337	52.0		
T	34.845681927	136.535628938	51.9		
T	34.845721572	136.535686318	51.7		
T	34.845760845	136.535743321	51.5		
T	34.845810643	136.535815116	51.1		
T	34.845840371	136.535858873	51.0		
T	34.845867704	136.535905372	51.0		
T	34.845902856	136.535969361	51.0		
T	34.845925976	136.536015311	51.0		
T	34.845950449	136.536068035	51.0		
T	34.845964401	136.536104997	51.0		
T	34.845981070	136.536145288	51.1		
T	34.845995454	136.536192109	51.3		
T	34.846006877	136.536232767	51.5		
T	34.846009363	136.536262322	51.6		
T	34.846009614	136.536396207	51.9		
T	34.846004579	136.536492342	52.0		
T	34.846013968	136.536821040	51.7		
T	34.846017293	136.536866279	51.6		
T	34.846015988	136.536904543	51.5		
T	34.846009224	136.536959522	51.0		
T	34.845998278	136.537017946	49.8		
T	34.845980162	136.537086274	48.5		
T	34.845946805	136.537187233	46.6		
T	34.845877095	136.537371795	44.4		
T	34.845838655	136.537455466	43.5		
T	34.845769819	136.537570049	42.2		
T	34.845695228	136.537684889	40.5		
T	34.845594786	136.537833418	38.5		
T	34.845529199	136.537928480	37.8		
T	34.845469870	136.538006836	37.4		
T	34.845426977	136.538062680	37.1		
T	34.845392733	136.538102509	37.2		
T	34.845348459	136.538152825	37.0		
T	34.845305326	136.538200209	36.5		
T	34.845250595	136.538257898	35.9		
T	34.845187714	136.538322567	35.4		
T	34.845079628	136.538434298	34.3		
T	34.845016075	136.538497434	33.1		
T	34.844986272	136.538527710	32.6		
T	34.844967571	136.538548572	32.4		
