type	latitude	longitude	altitude (m)	name	desc
T	34.845055597	136.538679315	34.0	Suzuka Outer	
T	34.843554215	136.540188645	32.3		
T	34.842689603	136.541061623	28.4		
T	34.841511134	136.542225833	23.9		
T	34.840658138	136.543070544	18.0		
T	34.840525095	136.543197829	18.0		
T	34.840487397	136.543234133	18.0		
T	34.840440794	136.543271368	18.0		
T	34.840352639	136.543336715	18.0		
T	34.840299596	136.543373157	17.8		
T	34.840228230	136.543413590	17.7		
T	34.840175693	136.543439882	17.6		
T	34.840093293	136.543468006	17.5		
T	34.840009049	136.543481683	17.5		
T	34.839932944	136.543490675	17.8		
T	34.839826165	136.543484678	18.4		
T	34.839757044	136.543470153	18.8		
T	34.839633082	136.543436007	19.3		
T	34.839245218	136.543286180	19.9		
T	34.839153203	136.543215799	19.6		
T	34.839102444	136.543170745	19.8		
T	34.839059755	136.543124871	19.9		
T	34.839026906	136.543081045	20.1		
T	34.839000538	136.543035063	20.2		
T	34.838981477	136.542998070	20.3		
T	34.838962356	136.542955485	20.4		
T	34.838940690	136.542899060	20.5		
T	34.838925541	136.542843155	20.6		
T	34.838913727	136.542779215	20.7		
T	34.838904268	136.542715965	20.2		
T	34.838902308	136.542614804	19.1		
T	34.838910608	136.542523074	18.1		
T	34.838930347	136.542426249	17.5		
T	34.838954641	136.542353200	17.1		
T	34.838985636	136.542276029	16.8		
T	34.839024002	136.542207952	16.5		
T	34.839099210	136.542106842	15.8		
T	34.839133506	136.542072698	15.6		
T	34.839498170	136.541787696	17.7		
T	34.839622980	136.541699704	18.4		
T	34.839821362	136.541542384	19.2		
T	34.840299642	136.541167337	21.3		
T	34.840353503	136.541123265	20.8		
T	34.840390972	136.541090212	20.4		
T	34.840430866	136.541050925	20.0		
T	34.840464476	136.541013464	19.8		
T	34.840484490	136.540988091	19.7		
T	34.840512529	136.540949882	19.6		
T	34.840535782	136.540911575	19.6		
T	34.840570584	136.540847022	19.7		
T	34.840589006	136.540804493	19.8		
T	34.840607744	136.540754841	19.9		
T	34.840623271	136.540704467	20.1		
T	34.840634036	136.540649495	20.4		
T	34.840652635	136.540522766	21.2		
T	34.840656045	136.540437330	21.9		
T	34.840654954	136.540268529	23.1		
T	34.840657564	136.540135558	25.2		
T	34.840663328	136.540058192	26.3		
T	34.840671932	136.540010078	27.0		
T	34.840679314	136.539974831	27.5		
T	34.840690359	136.539928761	28.1		
T	34.840702950	136.539886497	28.6		
T	34.840716030	136.539848604	29.0		
T	34.840732182	136.539808629	29.5		
T	34.840751845	136.539766366	30.0		
T	34.840780885	136.539711753	30.5		
T	34.840816430	136.539657448	31.2		
T	34.840833267	136.539632435	31.6		
T	34.840876798	136.539578269	32.0		
T	34.840924668	136.539531894	31.9		
T	34.840982000	136.539484671	31.4		
T	34.841026795	136.539454657	30.7		
T	34.841085861	136.539422199	29.8		
T	34.841143947	136.539395745	29.0		
T	34.841196217	136.539376577	28.4		
T	34.841233072	136.539363675	27.9		
T	34.841316908	136.539331392	26.7		
T	34.841440387	136.539293968	25.9		
T	34.841479450	136.539285630	26.2		
T	34.841625491	136.539238410	27.4		
T	34.841690879	136.539216080	28.0		
T	34.841735802	136.539200265	28.3		
T	34.841791639	136.539175642	28.9		
T	34.841840622	136.539151186	29.6		
T	34.841878219	136.539128078	30.3		
T	34.841912472	136.539102836	30.9		
T	34.841948311	136.539073486	31.6		
T	34.841987737	136.539037821	31.9		
T	34.842021254	136.539002932	32.2		
T	34.842056203	136.538960174	32.6		
T	34.842099720	136.538901150	33.1		
T	34.842132385	136.538844001	33.5		
T	34.842159779	136.538790085	33.8		
T	34.842179993	136.538743510	34.1		
T	34.842199727	136.538687423	34.5		
T	34.842214302	136.538630780	34.9		
T	34.842229811	136.538558572	35.0		
T	34.842240219	136.538482812	35.0		
T	34.842244920	136.538415304	35.1		
T	34.842251925	136.538120701	36.5		
T	34.842257440	136.537920852	37.8		
T	34.842261440	136.537881803	38.0		
T	34.842269687	136.537810420	38.4		
T	34.842279599	136.537749910	39.1		
T	34.842292218	136.537694126	40.1		
T	34.842311650	136.537622398	41.2		
T	34.842337715	136.537552088	42.0		
T	34.842368183	136.537482539	42.6		
T	34.842408224	136.537401385	43.1		
T	34.842451389	136.537333521	43.3		
T	34.842493963	136.537275831	43.3		
T	34.842552089	136.537208846	42.6		
T	34.842620152	136.537143706	41.1		
T	34.842682458	136.537097108	39.6		
T	34.842764508	136.537046106	37.6		
T	34.842854408	136.537002105	37.4		
T	34.842918052	136.536982714	37.3		
T	34.842986943	136.536971616	37.1		
T	34.843042660	136.536968587	37.0		
T	34.843089216	136.536969514	37.4		
T	34.843155129	136.536978803	38.2		
T	34.843198256	136.536991508	38.7		
T	34.843245769	136.537007954	39.2		
T	34.843270045	136.537013920	39.5		
T	34.843505437	136.537113048	41.3		
T	34.843564992	136.537145449	41.6		
T	34.843768695	136.537238671	40.2		
T	34.843836578	136.537269327	39.6		
T	34.843877696	136.537286061	39.3		
T	34.843924046	136.537301270	39.0		
T	34.843962841	136.537309110	38.8		
T	34.844011323	136.537315031	38.6		
T	34.844061898	136.537315750	38.4		
T	34.844126352	136.537313853	38.2		
T	34.844157254	136.537304236	38.1		
T	34.844203666	136.537295905	38.3		
T	34.844259684	136.537278870	38.7		
T	34.844304380	136.537262142	39.0		
T	34.844356449	136.537235529	39.5		
T	34.844412498	136.537200811	40.3		
T	34.844460514	136.537163969	41.2		
T	34.844516263	136.537112139	42.5		
T	34.844587759	136.537031989	44.5		
T	34.844630353	136.536968498	45.9		
T	34.844670229	136.536889212	47.3		
T	34.844791586	136.536608438	49.9		
T	34.844855588	136.536446739	49.6		
T	34.844888877	136.536346305	49.2		
T	34.844915253	136.536264763	48.9		
T	34.844944636	136.536142187	48.6		
T	34.844976015	136.535985459	48.1		
T	34.845002939	136.535785436	47.3		
T	34.845011395	136.535655787	45.6		
T	34.845015800	136.535457537	43.6		
T	34.845009865	136.535294221	42.3		
T	34.844994823	136.535137351	42.5		
T	34.844957610	136.534955210	43.5		
T	34.844923188	136.534836107	44.9		
T	34.844878810	136.534711163	46.2		
T	34.844795661	136.534496918	46.3		
T	34.844732892	136.534349093	46.1		
T	34.844656095	136.534205188	45.1		
T	34.844579870	136.534081945	44.3		
T	34.844535310	136.534015626	43.9		
T	34.844487125	136.533953642	43.4		
T	34.844420332	136.533869606	43.0		
T	34.844357411	136.533799585	43.2		
T	34.844257349	136.533696169	43.2		
T	34.844137588	136.533580123	43.0		
T	34.843989805	136.533431401	42.6		
T	34.843816328	136.533258073	42.1		
T	34.843661409	136.533104910	42.7		
T	34.843335257	136.532780774	43.0		
T	34.843270581	136.532716788	42.8		
T	34.843244731	136.532689445	42.7		
T	34.843228425	136.532666096	42.6		
T	34.843215963	136.532640547	42.6		
T	34.843204292	136.532612139	42.7		
T	34.843198387	136.532588510	42.7		
T	34.843183115	136.532463070	43.1		
T	34.843134096	136.531853758	42.4		
T	34.843096621	136.531343659	41.2		
T	34.843090319	136.531192914	41.1		
T	34.843081805	136.531066951	41.1		
T	34.843081886	136.530999674	41.4		
T	34.843084023	136.530947168	41.5		
T	34.843090847	136.530901807	41.7		
T	34.843102833	136.530864826	41.7		
T	34.843117640	136.530837722	41.8		
T	34.843139997	136.530811367	41.6		
T	34.843184626	136.530775483	41.2		
T	34.843248597	136.530740443	40.9		
T	34.843303503	136.530723267	40.7		
T	34.843322553	136.530714683	40.6		
T	34.843599177	136.530646358	41.9		
T	34.843757063	136.530613892	43.8		
T	34.844307288	136.530477376	45.1		
T	34.844890170	136.530343153	42.0		
T	34.845153980	136.530279251	42.1		
T	34.845346881	136.530235448	42.9		
T	34.845625871	136.530169042	44.0		
T	34.845753408	136.530142371	44.8		
T	34.845842298	136.530130807	45.5		
T	34.845894478	136.530129647	46.3		
T	34.845969341	136.530132208	47.4		
T	34.846052370	136.530144307	48.7		
T	34.846116888	136.530158426	49.8		
T	34.846223598	136.530195982	51.5		
T	34.846349168	136.530256113	53.4		
T	34.846413806	136.530290959	54.5		
T	34.846541435	136.530358840	56.2		
T	34.846603498	136.530386574	56.5		
T	34.846652127	136.530413000	56.5		
T	34.846754580	136.530467403	56.0		
T	34.846847548	136.530516081	55.6		
T	34.846900745	136.530544651	55.3		
T	34.846945390	136.530567351	55.1		
T	34.846972864	136.530577101	55.3		
T	34.846995330	136.530581841	55.5		
T	34.847012538	136.530582992	55.5		
T	34.847030354	136.530581138	55.6		
T	34.847046458	136.530578165	55.6		
T	34.847062521	136.530570193	55.6		
T	34.847082377	136.530558768	55.5		
T	34.847100420	136.530542624	55.5		
T	34.847114242	136.530526067	55.6		
T	34.847131548	136.530498944	55.6		
T	34.847142653	136.530466736	55.6		
T	34.847148863	136.530435136	55.6		
T	34.847149736	136.530411458	55.6		
T	34.847146282	136.530388755	55.6		
T	34.847143375	136.530363940	55.5		
T	34.847133773	136.530333402	55.4		
T	34.847120456	136.530307123	55.3		
T	34.847091094	136.530274630	55.1		
T	34.847057552	136.530247579	55.0		
T	34.846878878	136.530103504	55.3		
T	34.846601634	136.529889175	55.0		
T	34.846222404	136.529592767	52.6		
T	34.846091672	136.529488452	52.9		
T	34.846023538	136.529433126	52.5		
T	34.845964547	136.529380895	51.8		
T	34.845889862	136.529309796	51.3		
T	34.845826162	136.529240273	51.1		
T	34.845762916	136.529165572	51.5		
T	34.845677696	136.529048576	52.8		
T	34.845605289	136.528937067	54.3		
T	34.845537851	136.528813336	56.2		
T	34.845490623	136.528717788	57.5		
T	34.845451228	136.528626045	58.6		
T	34.845409884	136.528494629	58.8		
T	34.845382549	136.528372633	59.0		
T	34.845357936	136.528216619	58.2		
T	34.845343928	136.528067679	57.3		
T	34.845331550	136.527932660	56.3		
T	34.845320074	136.527798813	55.3		
T	34.845314650	136.527672826	54.8		
T	34.845313782	136.527509222	54.2		
T	34.845322890	136.527332919	53.7		
T	34.845336197	136.527188761	53.3		
T	34.845360539	136.526997883	53.0		
T	34.845384559	136.526860190	52.4		
T	34.845410295	136.526740258	51.9		
T	34.845436704	136.526618957	51.6		
T	34.845483645	136.526437629	51.1		
T	34.845558081	136.526197264	50.7		
T	34.845586142	136.526109945	50.5		
T	34.845643492	136.525947203	50.8		
T	34.845692604	136.525804417	50.9		
T	34.845740541	136.525684746	51.3		
T	34.845778182	136.525600179	51.5		
T	34.845839577	136.525475708	51.5		
T	34.845915621	136.525340508	51.6		
T	34.845954459	136.525271747	51.7		
T	34.846016258	136.525175877	52.1		
T	34.846087678	136.525071946	52.9		
T	34.846149321	136.524991260	53.4		
T	34.846283841	136.524841318	54.9		
T	34.846376951	136.524747380	55.9		
T	34.846510911	136.524628783	57.6		
T	34.846599831	136.524559032	58.6		
T	34.846691513	136.524495575	59.5		
T	34.846844807	136.524404469	60.9		
T	34.847464691	136.524076021	55.4		
T	34.847983101	136.523804680	58.9		
T	34.848034404	136.523778103	59.7		
T	34.848082710	136.523746076	60.0		
T	34.848122535	136.523711653	60.0		
T	34.848152305	136.523680683	60.0		
T	34.848175913	136.523653583	60.0		
T	34.848199653	136.523620745	60.0		
T	34.848221485	136.523587111	60.0		
T	34.848242301	136.523552040	60.0		
T	34.848259627	136.523519057	60.0		
T	34.848270033	136.523491675	60.0		
T	34.848282044	136.523457523	60.0		
T	34.848292403	136.523420776	60.0		
T	34.848301279	136.523387517	60.0		
T	34.848311991	136.523351088	60.0		
T	34.848321868	136.523255906	60.0		
T	34.848326194	136.523142556	60.0		
T	34.848324511	136.523024056	59.9		
T	34.848314968	136.522893809	59.5		
T	34.848297800	136.522753148	59.0		
T	34.848269727	136.522594616	58.4		
T	34.848241890	136.522479039	58.2		
T	34.848219039	136.522390173	59.1		
T	34.848187957	136.522306706	59.7		
T	34.848160755	136.522250979	59.9		
T	34.848151221	136.522233324	60.0		
T	34.848128770	136.522200959	59.9		
T	34.848102262	136.522167015	59.9		
T	34.848075208	136.522138810	59.8		
T	34.848055498	136.522121886	59.7		
T	34.848020420	136.522094179	59.6		
T	34.847978980	136.522066853	59.4		
T	34.847938893	136.522047140	59.2		
T	34.847893837	136.522027400	58.8		
T	34.847846498	136.522011349	58.4		
T	34.847803346	136.522002853	58.0		
T	34.847760229	136.521999854	57.8		
T	34.847718621	136.521998979	57.7		
T	34.847678976	136.522003012	57.6		
T	34.847613903	136.522016899	57.4		
T	34.847562106	136.522038101	57.1		
T	34.847477347	136.522081383	56.4		
T	34.847394637	136.522131414	55.2		
T	34.847351081	136.522166601	54.3		
T	34.847298728	136.522213564	53.0		
T	34.847188541	136.522332128	50.6		
T	34.847118840	136.522417119	49.7		
T	34.847061594	136.522491368	48.7		
T	34.847016981	136.522551214	48.0		
T	34.846722777	136.523000689	46.6		
T	34.846533431	136.523307536	47.0		
T	34.846383220	136.523569336	46.6		
T	34.846167743	136.523974334	46.9		
T	34.845994769	136.524328419	49.8		
T	34.845793610	136.524779282	47.6		
T	34.845633127	136.525181345	47.1		
T	34.845562529	136.525374126	47.8		
T	34.845495709	136.525570316	48.8		
T	34.845440641	136.525738690	48.0		
T	34.845343025	136.526058479	46.9		
T	34.845120074	136.526823999	48.5		
T	34.845002566	136.527225619	51.0		
T	34.844858524	136.527717703	52.3		
T	34.844738903	136.528131895	52.9		
T	34.844583722	136.528669850	49.3		
T	34.844389009	136.529329721	43.7		
T	34.844181124	136.530046442	44.0		
T	34.844041738	136.530527414	45.4		
T	34.843961964	136.530798191	48.3		
T	34.843949498	136.530855212	48.8		
T	34.843936186	136.530905355	48.7		
T	34.843924417	136.530957108	48.7		
T	34.843918662	136.530988444	48.6		
T	34.843913007	136.531024498	48.5		
T	34.843909641	136.531056168	48.4		
T	34.843905118	136.531107518	48.2		
T	34.843904272	136.531155113	48.2		
T	34.843906839	136.531203710	48.2		
T	34.843908398	136.531251612	48.2		
T	34.843915184	136.531328971	48.4		
T	34.843935860	136.531434315	48.6		
T	34.843975781	136.531603293	49.0		
T	34.844027142	136.531785498	49.3		
T	34.844065254	136.531905154	49.4		
T	34.844129329	136.532086421	49.3		
T	34.844226294	136.532317342	49.2		
T	34.844303630	136.532477770	48.7		
T	34.844398781	136.532648690	48.3		
T	34.844469962	136.532764613	48.3		
T	34.844580021	136.532927616	48.9		
T	34.844753311	136.533159436	49.9		
T	34.845089668	136.533599458	50.7		
T	34.845481275	136.534114718	52.4		
T	34.845673085	136.534367263	52.0		
T	34.845738821	136.534467633	51.8		
T	34.845820677	136.534605865	51.7		
T	34.845872789	136.534707449	51.7		
T	34.845936104	136.534832965	52.7		
T	34.845969670	136.534912712	53.3		
T	34.845960374	136.534948527	53.3		
T	34.845950486	136.534977016	53.2		
T	34.845940403	136.535001606	53.2		
T	34.845925249	136.535028961	53.1		
T	34.845805034	136.535190317	52.4		
T	34.845736596	136.535288465	52.3		
T	34.845723352	136.535313139	52.2		
T	34.845711487	136.535336013	52.1		
T	34.845703481	136.535359483	52.0		
T	34.845698860	136.535385935	52.0		
T	34.845698423	136.535408231	52.0		
T	34.845699221	136.535429034	52.0		
T	34.845703070	136.535450338	52.0		
T	34.845707587	136.535470953	52.0		
T	34.845716991	136.535494177	52.0		
T	34.845730120	136.535522408	52.0		
T	34.845772384	136.535588219	51.9		
T	34.845813604	136.535646810	51.7		
T	34.845911516	136.535788855	51.8		
T	34.845945983	136.535838748	51.8		
T	34.845975037	136.535889513	51.8		
T	34.846001694	136.535942150	51.8		
T	34.846035594	136.536016348	51.8		
T	34.846079174	136.536136099	51.9		
T	34.846119104	136.536280207	52.7		
T	34.846135033	136.536387263	53.2		
T	34.846143823	136.536491358	53.2		
T	34.846147572	136.536652941	53.3		
T	34.846139108	136.536783941	52.7		
T	34.846120433	136.536902440	52.2		
T	34.846072486	136.537105946	48.4		
T	34.846013080	136.537293261	45.2		
T	34.845949605	136.537460691	43.4		
T	34.845877619	136.537620999	42.3		
T	34.845799029	136.537773980	40.7		
T	34.845696051	136.537947156	39.8		
T	34.845615719	136.538068018	39.1		
T	34.845555200	136.538148564	39.7		
T	34.845520460	136.538193295	39.9		
T	34.845466891	136.538256632	39.8		
T	34.845393990	136.538334914	38.9		
T	34.845300060	136.538431779	37.3		
T	34.845139315	136.538592278	35.0		
T	34.845055597	136.538679315	34.0		
