type	latitude	longitude	altitude (m)	name	desc
T	52.388485630	4.540642212	4.9	Zandvoort Inner	
T	52.390634528	4.542089113	5.1		
T	52.391604600	4.542744474	5.7		
T	52.391627395	4.542760943	5.8		
T	52.391644282	4.542777753	5.8		
T	52.391664048	4.542800835	5.9		
T	52.391693576	4.542849461	6.0		
T	52.391714886	4.542892107	6.1		
T	52.391735872	4.542944978	6.1		
T	52.391755684	4.543014015	6.1		
T	52.391770365	4.543084964	6.1		
T	52.391777413	4.543163299	6.2		
T	52.391778344	4.543218483	6.2		
T	52.391774256	4.543277357	6.2		
T	52.391765137	4.543343754	6.1		
T	52.391753238	4.543393329	6.2		
T	52.391735609	4.543452749	6.2		
T	52.391716185	4.543499759	6.1		
T	52.391691204	4.543547966	6.0		
T	52.391659629	4.543594043	5.9		
T	52.391625816	4.543633845	6.0		
T	52.391593899	4.543662213	6.1		
T	52.391565658	4.543682431	6.2		
T	52.391538984	4.543695667	6.1		
T	52.391506724	4.543706489	6.1		
T	52.391474128	4.543710979	6.0		
T	52.391423422	4.543707192	5.8		
T	52.391374830	4.543695020	5.6		
T	52.391322162	4.543666750	5.4		
T	52.391292882	4.543647594	5.3		
T	52.390897628	4.543354326	4.8		
T	52.390702966	4.543225407	4.4		
T	52.390517839	4.543107035	4.3		
T	52.390306543	4.542982867	4.9		
T	52.390208846	4.542931556	5.0		
T	52.390081280	4.542876549	5.2		
T	52.389992170	4.542849859	5.5		
T	52.389853345	4.542817683	5.3		
T	52.389696543	4.542804422	4.8		
T	52.389300412	4.542807669	4.6		
T	52.389263541	4.542806361	4.7		
T	52.389228465	4.542793516	4.8		
T	52.389195838	4.542771518	4.9		
T	52.389159488	4.542737141	4.9		
T	52.389123238	4.542697306	5.1		
T	52.389100836	4.542668085	5.2		
T	52.389084519	4.542644673	5.3		
T	52.389064511	4.542610788	5.4		
T	52.389046216	4.542577354	5.5		
T	52.389030195	4.542542983	5.6		
T	52.389014983	4.542504150	5.6		
T	52.388996818	4.542449350	5.7		
T	52.388965271	4.542327330	5.7		
T	52.388808638	4.541603000	5.0		
T	52.388788900	4.541511886	5.0		
T	52.388772498	4.541452586	5.0		
T	52.388741365	4.541381060	5.0		
T	52.388708904	4.541319994	5.0		
T	52.388675031	4.541271731	5.0		
T	52.388641930	4.541232000	5.0		
T	52.388600068	4.541195785	4.9		
T	52.388554097	4.541167047	4.5		
T	52.388498395	4.541145830	4.1		
T	52.388449172	4.541138745	3.8		
T	52.388394562	4.541144895	3.3		
T	52.388359279	4.541154311	3.0		
T	52.388321681	4.541172706	2.9		
T	52.388293079	4.541192123	3.0		
T	52.388265705	4.541214536	3.2		
T	52.388235669	4.541242587	3.4		
T	52.388201362	4.541283653	3.6		
T	52.388169382	4.541333908	3.9		
T	52.388140213	4.541393264	4.1		
T	52.388113784	4.541464663	4.6		
T	52.388091487	4.541544046	5.2		
T	52.388078971	4.541618731	5.6		
T	52.388072319	4.541684446	5.9		
T	52.388072312	4.541793481	6.3		
T	52.388078907	4.541863187	6.5		
T	52.388081608	4.541912169	6.7		
T	52.388198616	4.542480527	8.0		
T	52.388294434	4.542968138	9.2		
T	52.388313995	4.543044400	9.6		
T	52.388341947	4.543194707	9.9		
T	52.388370862	4.543362200	9.6		
T	52.388393378	4.543504733	9.6		
T	52.388414700	4.543667898	9.7		
T	52.388426687	4.543808137	9.7		
T	52.388435826	4.543961822	9.7		
T	52.388443844	4.544202523	9.7		
T	52.388444164	4.544421871	9.2		
T	52.388440632	4.544637014	8.9		
T	52.388428178	4.544882393	8.5		
T	52.388411084	4.545070982	8.0		
T	52.388384693	4.545295120	7.1		
T	52.388338487	4.545617620	5.8		
T	52.388294992	4.545925530	4.9		
T	52.388265335	4.546164205	4.5		
T	52.388243787	4.546390028	4.6		
T	52.388232920	4.546618867	4.7		
T	52.388232428	4.546821184	4.5		
T	52.388244959	4.547009182	4.3		
T	52.388268194	4.547205949	4.2		
T	52.388302969	4.547401270	4.1		
T	52.388336142	4.547544098	4.1		
T	52.388385713	4.547720968	4.5		
T	52.388464506	4.547970287	4.4		
T	52.388572383	4.548249878	4.7		
T	52.388644018	4.548431157	5.2		
T	52.388700743	4.548581754	5.6		
T	52.388730406	4.548664575	5.9		
T	52.388768255	4.548776259	6.5		
T	52.388800843	4.548878912	7.0		
T	52.388831052	4.548986878	7.5		
T	52.388856986	4.549095386	7.8		
T	52.388896961	4.549333812	7.9		
T	52.388922959	4.549561102	8.3		
T	52.388931538	4.549748015	8.9		
T	52.388932534	4.549921620	9.4		
T	52.388929244	4.550170044	10.4		
T	52.388923179	4.550443649	10.9		
T	52.388912922	4.550705173	11.0		
T	52.388907396	4.550838950	11.1		
T	52.388889859	4.551309838	11.0		
T	52.388879356	4.551570507	10.2		
T	52.388866308	4.551750334	9.8		
T	52.388849972	4.551890374	9.7		
T	52.388828505	4.552019808	9.7		
T	52.388796493	4.552162787	9.9		
T	52.388772929	4.552245437	9.9		
T	52.388753594	4.552305350	9.6		
T	52.388717869	4.552396132	8.8		
T	52.388677350	4.552484073	7.8		
T	52.388637174	4.552558488	7.3		
T	52.388608283	4.552605133	7.0		
T	52.388564641	4.552671055	6.7		
T	52.388510907	4.552740191	6.3		
T	52.388454207	4.552800793	6.0		
T	52.388394931	4.552855299	5.8		
T	52.388346514	4.552894344	5.5		
T	52.388286915	4.552931486	5.5		
T	52.388204873	4.552968384	5.5		
T	52.388116739	4.552992154	5.3		
T	52.388028641	4.553001708	5.2		
T	52.387979021	4.553000750	5.3		
T	52.387925623	4.552994393	5.3		
T	52.387828290	4.552970012	5.6		
T	52.387761736	4.552942560	5.9		
T	52.387680171	4.552894375	6.3		
T	52.387611732	4.552843367	6.4		
T	52.387531592	4.552771274	6.1		
T	52.387466175	4.552702930	6.4		
T	52.387052103	4.552232966	7.4		
T	52.386831107	4.551981954	6.9		
T	52.386683070	4.551827488	6.1		
T	52.386451186	4.551613457	5.8		
T	52.386295097	4.551479394	5.4		
T	52.386146954	4.551360077	4.9		
T	52.385901997	4.551157402	4.2		
T	52.385878996	4.551134113	4.1		
T	52.385857795	4.551102223	4.0		
T	52.385843320	4.551073993	4.0		
T	52.385824556	4.551024956	4.1		
T	52.385805885	4.550928161	4.1		
T	52.385791453	4.550688280	3.6		
T	52.385791264	4.550441251	3.2		
T	52.385804361	4.550181009	3.4		
T	52.385827345	4.549970688	4.0		
T	52.385862574	4.549736785	3.9		
T	52.385896629	4.549557511	3.9		
T	52.385948165	4.549350940	3.9		
T	52.386013275	4.549134399	3.4		
T	52.386091714	4.548921598	3.1		
T	52.386142410	4.548801549	3.4		
T	52.386215194	4.548650781	3.9		
T	52.386289430	4.548518905	4.0		
T	52.386353389	4.548415603	4.0		
T	52.386386423	4.548374386	4.0		
T	52.386407384	4.548352878	4.0		
T	52.386431898	4.548341109	4.0		
T	52.386469273	4.548333178	4.0		
T	52.386503582	4.548333655	4.0		
T	52.386532593	4.548345165	4.0		
T	52.386579000	4.548374939	3.9		
T	52.386613025	4.548417155	3.8		
T	52.386651815	4.548480679	3.5		
T	52.386699014	4.548574310	3.2		
T	52.386741426	4.548673757	3.8		
T	52.386768634	4.548750611	4.3		
T	52.386795777	4.548844366	4.8		
T	52.386825439	4.548965488	5.1		
T	52.386846459	4.549090902	5.2		
T	52.386866938	4.549278763	5.1		
T	52.386895510	4.549599740	4.6		
T	52.386913014	4.549765412	4.3		
T	52.386940456	4.549963743	4.0		
T	52.386993026	4.550263133	3.8		
T	52.387037516	4.550469359	4.4		
T	52.387082067	4.550645280	5.5		
T	52.387121848	4.550783144	6.1		
T	52.387165150	4.550915535	5.6		
T	52.387180479	4.550949398	5.2		
T	52.387209462	4.551003239	4.4		
T	52.387235458	4.551045851	4.0		
T	52.387265558	4.551087105	4.0		
T	52.387308469	4.551133465	4.2		
T	52.387354078	4.551173570	4.5		
T	52.387405119	4.551208582	4.6		
T	52.387456010	4.551232040	4.6		
T	52.387510676	4.551248741	4.5		
T	52.387565644	4.551254786	4.5		
T	52.387635441	4.551246141	4.5		
T	52.387690309	4.551229224	4.4		
T	52.387763285	4.551188117	4.3		
T	52.387832541	4.551127942	4.3		
T	52.387887460	4.551062741	4.4		
T	52.387940439	4.550975637	4.6		
T	52.387980398	4.550891849	4.7		
T	52.388010240	4.550806882	4.8		
T	52.388036341	4.550702928	4.9		
T	52.388049653	4.550618035	5.0		
T	52.388062401	4.550490502	5.0		
T	52.388071069	4.550417808	5.1		
T	52.388090629	4.550145816	5.5		
T	52.388106793	4.549794798	5.7		
T	52.388113215	4.549443060	5.0		
T	52.388117186	4.549145103	5.0		
T	52.388118582	4.548864767	4.8		
T	52.388115133	4.548708840	4.9		
T	52.388107592	4.548415247	5.0		
T	52.388091868	4.548072799	5.0		
T	52.388066615	4.547724547	5.0		
T	52.388038740	4.547378996	4.9		
T	52.388010200	4.547099860	4.9		
T	52.387953209	4.546625818	5.7		
T	52.387884516	4.546160299	6.0		
T	52.387824936	4.545812197	7.0		
T	52.387771876	4.545543892	7.0		
T	52.387709358	4.545243335	6.8		
T	52.387616784	4.544836252	6.4		
T	52.387522398	4.544443117	6.0		
T	52.387469137	4.544220097	5.2		
T	52.387414580	4.544011294	4.8		
T	52.387348532	4.543790666	4.5		
T	52.387307910	4.543663288	4.3		
T	52.387256312	4.543514903	3.7		
T	52.387192895	4.543330253	3.1		
T	52.387182747	4.543291156	3.1		
T	52.387176763	4.543260513	3.2		
T	52.387177908	4.543228440	3.2		
T	52.387183583	4.543201268	3.1		
T	52.387191734	4.543178638	3.1		
T	52.387202740	4.543160261	3.1		
T	52.387246509	4.543119844	3.0		
T	52.387343155	4.543038321	3.1		
T	52.387377419	4.543005676	3.2		
T	52.387423921	4.542946108	3.4		
T	52.387456242	4.542886156	3.6		
T	52.387488787	4.542812460	3.9		
T	52.387511324	4.542739339	3.9		
T	52.387529039	4.542666975	3.6		
T	52.387540027	4.542573911	3.3		
T	52.387542685	4.542488634	3.0		
T	52.387539059	4.542404768	3.0		
T	52.387527831	4.542325079	3.0		
T	52.387514367	4.542263111	3.0		
T	52.387485529	4.542175232	3.1		
T	52.387466865	4.542127669	3.2		
T	52.387441389	4.542075445	3.3		
T	52.387402613	4.542016034	3.4		
T	52.387359248	4.541963109	3.4		
T	52.387317040	4.541928336	3.4		
T	52.387285895	4.541909090	3.3		
T	52.387251424	4.541893537	3.2		
T	52.387219129	4.541885112	3.2		
T	52.387185157	4.541876336	3.2		
T	52.387163033	4.541874052	3.2		
T	52.386912570	4.541930669	3.0		
T	52.386685602	4.542000697	3.0		
T	52.386620663	4.542026376	3.0		
T	52.385184490	4.542426658	2.9		
T	52.384917045	4.542500854	3.0		
T	52.384886145	4.542505351	3.0		
T	52.384845800	4.542503101	3.0		
T	52.384805574	4.542494352	3.0		
T	52.384772661	4.542477545	2.9		
T	52.384739321	4.542460159	2.9		
T	52.384705205	4.542439812	2.9		
T	52.384668152	4.542412399	3.0		
T	52.384638892	4.542382604	3.1		
T	52.384612547	4.542353005	3.1		
T	52.384584768	4.542319752	3.0		
T	52.384551713	4.542269103	2.9		
T	52.384526243	4.542220382	2.7		
T	52.384492692	4.542145034	2.8		
T	52.384476267	4.542092511	2.9		
T	52.384456562	4.542010247	3.0		
T	52.384444549	4.541934198	3.0		
T	52.384437864	4.541879987	3.1		
T	52.384433468	4.541791665	3.2		
T	52.384429575	4.541463716	2.5		
T	52.384422814	4.540925385	3.2		
T	52.384420446	4.540696534	3.3		
T	52.384420727	4.540614874	3.3		
T	52.384424422	4.540542005	3.2		
T	52.384428895	4.540456147	3.2		
T	52.384436893	4.540380446	3.1		
T	52.384448993	4.540270766	3.0		
T	52.384461210	4.540195782	3.2		
T	52.384473450	4.540130111	3.4		
T	52.384503654	4.539990378	3.6		
T	52.384531163	4.539888466	3.9		
T	52.384565753	4.539783525	4.2		
T	52.384612073	4.539655326	4.5		
T	52.384651235	4.539565189	4.4		
T	52.384715820	4.539439364	4.1		
T	52.384781251	4.539332637	4.6		
T	52.384861408	4.539222488	5.1		
T	52.384931834	4.539139599	5.3		
T	52.384990414	4.539082899	5.3		
T	52.385048491	4.539032590	5.5		
T	52.385143924	4.538962364	5.7		
T	52.385191522	4.538931773	5.8		
T	52.385279632	4.538891210	6.0		
T	52.385336588	4.538869135	6.3		
T	52.385418209	4.538847058	6.6		
T	52.385494948	4.538836288	6.8		
T	52.385577298	4.538832492	6.9		
T	52.385658615	4.538841211	6.7		
T	52.385740157	4.538856536	6.4		
T	52.385814175	4.538878978	6.1		
T	52.385892164	4.538912803	6.2		
T	52.385984507	4.538967106	6.5		
T	52.386149459	4.539078477	6.7		
T	52.386338932	4.539205899	6.3		
T	52.386799946	4.539515205	5.8		
T	52.387413767	4.539925396	5.0		
T	52.388266179	4.540495778	5.0		
T	52.388460175	4.540628198	4.9		
T	52.388485630	4.540642212	4.9		
