type	latitude	longitude	altitude (m)	name	desc
T	52.068307145	-1.023540200	146.2	Silverstone GP Outer	
T	52.068997612	-1.022673047	146.4		
T	52.070833857	-1.020408123	152.0		
T	52.071023334	-1.020164618	150.9		
T	52.071188065	-1.019960148	150.4		
T	52.071225711	-1.019912540	150.6		
T	52.071253980	-1.019860264	150.8		
T	52.071278232	-1.019808861	150.9		
T	52.071308825	-1.019725211	151.0		
T	52.071340093	-1.019620593	151.4		
T	52.071370189	-1.019461950	151.9		
T	52.071387397	-1.019317616	152.0		
T	52.071397235	-1.019167205	152.0		
T	52.071403537	-1.018992092	151.4		
T	52.071402833	-1.018840932	151.2		
T	52.071391267	-1.018612410	152.0		
T	52.071374883	-1.018410700	152.7		
T	52.071365098	-1.018290201	152.9		
T	52.071348121	-1.018095066	153.0		
T	52.071322012	-1.017829648	153.8		
T	52.071303583	-1.017619456	154.0		
T	52.071278408	-1.017347233	154.2		
T	52.071267162	-1.017201801	154.4		
T	52.071261138	-1.017070262	154.5		
T	52.071258907	-1.016911228	154.6		
T	52.071266911	-1.016761785	155.1		
T	52.071277349	-1.016639151	155.4		
T	52.071288787	-1.016558226	155.4		
T	52.071312618	-1.016407672	155.3		
T	52.071346770	-1.016248718	155.1		
T	52.071393186	-1.016072552	155.0		
T	52.071449891	-1.015901655	155.0		
T	52.071527259	-1.015734570	155.0		
T	52.071953561	-1.014878940	154.1		
T	52.072078494	-1.014628394	155.0		
T	52.072262898	-1.014254966	155.2		
T	52.072414552	-1.013954737	155.2		
T	52.072535965	-1.013707494	155.0		
T	52.072575645	-1.013593888	155.0		
T	52.072589445	-1.013546386	154.9		
T	52.072598432	-1.013503048	154.9		
T	52.072605866	-1.013399628	154.7		
T	52.072606465	-1.013297568	154.7		
T	52.072594206	-1.013182944	154.8		
T	52.072576190	-1.013113734	154.9		
T	52.072549982	-1.013048791	155.0		
T	52.072511508	-1.012985539	155.3		
T	52.072475456	-1.012943695	155.5		
T	52.072435331	-1.012908294	155.8		
T	52.072391476	-1.012870834	156.1		
T	52.072335717	-1.012836269	156.4		
T	52.072237741	-1.012783941	156.9		
T	52.072156127	-1.012746678	157.2		
T	52.071856866	-1.012605764	158.0		
T	52.071631387	-1.012487735	157.8		
T	52.071566097	-1.012453474	157.4		
T	52.071539652	-1.012435474	157.3		
T	52.071504832	-1.012389245	157.2		
T	52.071480647	-1.012331900	157.3		
T	52.071469605	-1.012261978	157.4		
T	52.071471317	-1.012194739	157.6		
T	52.071483925	-1.012146790	157.6		
T	52.071505723	-1.012100908	157.7		
T	52.071560217	-1.012034871	157.8		
T	52.071748417	-1.011888315	157.8		
T	52.071943091	-1.011769716	157.4		
T	52.072014960	-1.011732256	157.0		
T	52.072119937	-1.011681994	156.4		
T	52.072231837	-1.011635865	156.0		
T	52.072415519	-1.011572816	155.3		
T	52.072558945	-1.011543007	155.0		
T	52.072823386	-1.011509916	155.3		
T	52.072906559	-1.011514073	155.9		
T	52.072961194	-1.011532250	156.3		
T	52.073000102	-1.011546737	156.6		
T	52.073043842	-1.011572291	156.9		
T	52.073125717	-1.011673421	156.7		
T	52.073497530	-1.012285266	156.1		
T	52.075065128	-1.015080024	157.8		
T	52.075728552	-1.016265847	157.4		
T	52.076177886	-1.017077609	156.2		
T	52.076952555	-1.018526554	155.3		
T	52.077001474	-1.018632673	155.0		
T	52.077039930	-1.018756981	155.0		
T	52.077070595	-1.018918501	154.9		
T	52.077079866	-1.018982931	154.8		
T	52.077086519	-1.019075169	154.7		
T	52.077087093	-1.019226738	154.5		
T	52.077079560	-1.019337699	154.5		
T	52.077069935	-1.019415096	154.5		
T	52.077054519	-1.019503505	154.4		
T	52.077032374	-1.019602454	154.3		
T	52.077003389	-1.019700879	154.2		
T	52.076974846	-1.019760736	154.1		
T	52.076938109	-1.019815525	154.0		
T	52.076900839	-1.019859704	153.8		
T	52.076850480	-1.019892040	153.7		
T	52.076795304	-1.019909775	153.5		
T	52.076220592	-1.020000757	153.6		
T	52.076169509	-1.020016113	153.7		
T	52.076111982	-1.020040464	153.7		
T	52.076060215	-1.020068133	153.7		
T	52.075983296	-1.020133845	153.5		
T	52.075901709	-1.020234730	153.1		
T	52.075839890	-1.020347144	152.7		
T	52.075793492	-1.020455295	152.6		
T	52.075759932	-1.020579252	152.4		
T	52.075737948	-1.020704519	152.2		
T	52.075726479	-1.020840699	151.7		
T	52.075727174	-1.020950150	151.3		
T	52.075737595	-1.021071197	150.8		
T	52.075752756	-1.021156968	150.7		
T	52.075788789	-1.021305313	150.9		
T	52.075834511	-1.021419325	151.1		
T	52.075871298	-1.021492111	151.4		
T	52.075917816	-1.021558039	151.6		
T	52.075975619	-1.021631774	151.9		
T	52.076053301	-1.021697796	152.1		
T	52.076113303	-1.021737432	152.3		
T	52.076185363	-1.021762509	152.9		
T	52.076264931	-1.021774516	153.5		
T	52.076320019	-1.021774546	153.9		
T	52.076382044	-1.021758235	154.3		
T	52.076462626	-1.021719348	154.2		
T	52.076523115	-1.021682346	154.1		
T	52.076606334	-1.021616427	154.0		
T	52.076945595	-1.021342532	151.8		
T	52.077406018	-1.020961769	152.7		
T	52.077557274	-1.020839555	152.8		
T	52.077657715	-1.020750736	152.4		
T	52.077746312	-1.020659556	152.1		
T	52.077839494	-1.020542060	151.8		
T	52.078008789	-1.020310415	151.2		
T	52.078121296	-1.020133081	151.5		
T	52.078228159	-1.019932150	152.0		
T	52.078326060	-1.019736125	152.0		
T	52.078414265	-1.019531037	152.7		
T	52.078501498	-1.019296996	153.0		
T	52.078577651	-1.019029401	153.1		
T	52.078631408	-1.018762048	153.0		
T	52.078652366	-1.018620450	153.1		
T	52.078662843	-1.018489080	153.6		
T	52.078775792	-1.016832124	156.0		
T	52.078831828	-1.015907275	155.0		
T	52.078870268	-1.015135160	155.5		
T	52.078925556	-1.014135999	154.9		
T	52.078995090	-1.012699993	155.7		
T	52.079001304	-1.012491404	156.0		
T	52.079007957	-1.012309158	156.3		
T	52.079005298	-1.012191552	156.4		
T	52.078991515	-1.012074247	156.2		
T	52.078964114	-1.011913624	155.9		
T	52.078924018	-1.011754433	155.3		
T	52.078855151	-1.011560252	155.0		
T	52.078772348	-1.011388891	155.0		
T	52.078665348	-1.011227043	155.6		
T	52.078599553	-1.011144383	155.9		
T	52.078494559	-1.011049116	156.0		
T	52.078382907	-1.010967466	156.0		
T	52.077998784	-1.010757062	157.2		
T	52.077901655	-1.010709453	157.6		
T	52.077719016	-1.010622504	158.0		
T	52.077320945	-1.010467054	158.0		
T	52.077091251	-1.010399022	157.5		
T	52.076832525	-1.010323219	157.7		
T	52.076512380	-1.010253768	159.1		
T	52.076263377	-1.010209121	158.7		
T	52.075941762	-1.010177072	158.0		
T	52.075480519	-1.010144729	157.9		
T	52.074688866	-1.010087013	158.0		
T	52.074548988	-1.010066826	157.8		
T	52.074441240	-1.010047519	157.8		
T	52.074355762	-1.010022734	157.9		
T	52.074251681	-1.009976396	158.0		
T	52.074126943	-1.009899427	158.0		
T	52.073995250	-1.009807743	158.0		
T	52.073895124	-1.009719328	158.0		
T	52.073776335	-1.009590000	158.3		
T	52.073687601	-1.009498882	158.2		
T	52.073633913	-1.009456483	158.1		
T	52.073559215	-1.009410118	157.5		
T	52.073475865	-1.009385184	156.9		
T	52.073372613	-1.009380425	156.2		
T	52.073283059	-1.009395501	155.8		
T	52.073140848	-1.009463732	155.4		
T	52.072844918	-1.009644884	154.4		
T	52.072666491	-1.009746090	153.6		
T	52.072508444	-1.009842944	153.0		
T	52.072439409	-1.009873284	152.8		
T	52.072358761	-1.009902501	152.5		
T	52.072238174	-1.009935368	152.1		
T	52.072155140	-1.009952746	152.5		
T	52.072078956	-1.009951564	153.0		
T	52.072010171	-1.009934487	153.5		
T	52.071955533	-1.009912501	153.9		
T	52.071880459	-1.009878026	154.1		
T	52.071797103	-1.009819713	154.2		
T	52.071641757	-1.009646820	153.9		
T	52.071547217	-1.009527918	154.2		
T	52.071416886	-1.009366477	154.8		
T	52.071359833	-1.009306372	155.2		
T	52.071292025	-1.009247313	155.4		
T	52.071246303	-1.009212629	155.6		
T	52.071193163	-1.009186387	155.8		
T	52.071119659	-1.009161425	156.0		
T	52.071064180	-1.009146062	155.9		
T	52.070991030	-1.009141937	155.9		
T	52.070901927	-1.009151826	155.9		
T	52.070824889	-1.009173413	155.9		
T	52.070764887	-1.009198149	155.5		
T	52.070688874	-1.009247717	155.0		
T	52.070629437	-1.009296385	154.5		
T	52.070554634	-1.009376879	154.0		
T	52.070497007	-1.009460825	153.8		
T	52.070418610	-1.009603996	153.2		
T	52.070330507	-1.009800210	152.4		
T	52.070238431	-1.010041486	152.0		
T	52.070176123	-1.010221458	151.7		
T	52.070113600	-1.010383975	151.4		
T	52.070064427	-1.010517073	151.2		
T	52.070027961	-1.010613890	151.1		
T	52.070002142	-1.010671785	151.0		
T	52.069967110	-1.010748023	151.0		
T	52.069916761	-1.010844091	151.0		
T	52.069861916	-1.010937657	151.0		
T	52.069801333	-1.011029668	151.0		
T	52.069731843	-1.011120548	151.0		
T	52.069622492	-1.011231002	150.8		
T	52.068987506	-1.011815916	152.5		
T	52.068607131	-1.012155505	155.0		
T	52.067743647	-1.012897122	152.4		
T	52.066645921	-1.013834579	151.2		
T	52.065347619	-1.014970355	149.3		
T	52.065026618	-1.015269775	146.3		
T	52.064839793	-1.015450485	146.4		
T	52.064530601	-1.015766098	149.3		
T	52.064209585	-1.016115931	149.2		
T	52.064046631	-1.016294505	149.0		
T	52.063887074	-1.016492765	149.0		
T	52.063755008	-1.016658703	150.0		
T	52.063686568	-1.016769142	150.5		
T	52.063626424	-1.016887924	150.9		
T	52.063574439	-1.017020797	151.3		
T	52.063518444	-1.017212861	151.7		
T	52.063483525	-1.017399337	151.3		
T	52.063467103	-1.017538728	151.0		
T	52.063458462	-1.017686299	150.7		
T	52.063462208	-1.017851240	150.4		
T	52.063482143	-1.018045525	150.0		
T	52.063513737	-1.018215909	150.0		
T	52.063549612	-1.018352780	150.1		
T	52.063592590	-1.018481485	150.6		
T	52.063660842	-1.018629565	151.1		
T	52.063740259	-1.018764296	151.6		
T	52.063823196	-1.018874517	151.9		
T	52.063906488	-1.018959278	152.2		
T	52.064006565	-1.019048301	152.2		
T	52.064217691	-1.019199782	151.6		
T	52.064349778	-1.019305585	150.7		
T	52.064470094	-1.019409211	150.0		
T	52.064565402	-1.019501535	150.1		
T	52.064708880	-1.019641105	150.0		
T	52.065048712	-1.020032517	150.1		
T	52.065149476	-1.020159204	150.0		
T	52.065272514	-1.020335784	149.0		
T	52.065541161	-1.020739488	148.1		
T	52.065898385	-1.021276212	147.1		
T	52.066419564	-1.021983911	146.0		
T	52.066458576	-1.022048550	146.0		
T	52.066476900	-1.022093656	146.0		
T	52.066484078	-1.022150029	146.0		
T	52.066481338	-1.022197096	146.0		
T	52.066467345	-1.022247849	146.1		
T	52.066431257	-1.022329671	146.3		
T	52.066359342	-1.022459400	146.7		
T	52.066269894	-1.022605181	146.6		
T	52.066236091	-1.022673048	146.4		
T	52.066202006	-1.022769472	146.3		
T	52.066182970	-1.022838361	146.2		
T	52.066168086	-1.022930564	146.1		
T	52.066163756	-1.023035182	146.0		
T	52.066178357	-1.023150952	145.9		
T	52.066193010	-1.023230142	145.8		
T	52.066234271	-1.023336825	145.6		
T	52.066290814	-1.023442949	145.7		
T	52.066386961	-1.023593762	145.9		
T	52.066438415	-1.023676739	145.8		
T	52.066515903	-1.023786276	145.5		
T	52.066614642	-1.023901324	145.2		
T	52.066684992	-1.023976946	145.0		
T	52.066785202	-1.024069885	144.7		
T	52.066914008	-1.024166217	144.1		
T	52.067039729	-1.024248275	144.2		
T	52.067130341	-1.024299512	144.3		
T	52.067242716	-1.024343989	144.4		
T	52.067347585	-1.024378608	144.2		
T	52.067451245	-1.024396475	144.2		
T	52.067515170	-1.024397269	144.2		
T	52.067596087	-1.024375678	144.2		
T	52.067659310	-1.024330188	144.2		
T	52.067715127	-1.024264228	144.1		
T	52.067914153	-1.024019309	144.5		
T	52.068056256	-1.023854856	145.0		
T	52.068152019	-1.023733050	145.2		
T	52.068224928	-1.023639163	145.5		
T	52.068307145	-1.023540200	146.2		
