type	latitude	longitude	altitude (m)	name	desc
T	52.068226287	-1.023377124	146.5	Silverstone GP Inner	
T	52.070063555	-1.021093564	150.5		
T	52.070972949	-1.019969337	150.6		
T	52.071043094	-1.019878525	150.6		
T	52.071082928	-1.019821108	150.7		
T	52.071114981	-1.019769255	150.8		
T	52.071149955	-1.019701722	151.1		
T	52.071178910	-1.019633845	151.3		
T	52.071202343	-1.019563346	151.6		
T	52.071226695	-1.019463950	151.9		
T	52.071242486	-1.019363258	152.0		
T	52.071256737	-1.019217629	152.0		
T	52.071267537	-1.019043022	151.6		
T	52.071267561	-1.018792615	151.2		
T	52.071259526	-1.018676402	151.4		
T	52.071244334	-1.018474426	152.0		
T	52.071143063	-1.017356309	154.5		
T	52.071127357	-1.017188351	154.9		
T	52.071121943	-1.016980198	155.0		
T	52.071124972	-1.016845391	155.3		
T	52.071133779	-1.016709414	155.8		
T	52.071152881	-1.016532182	155.8		
T	52.071177979	-1.016368243	155.7		
T	52.071225738	-1.016152064	155.1		
T	52.071275690	-1.015969743	155.0		
T	52.071336531	-1.015798241	155.0		
T	52.071416328	-1.015614062	155.0		
T	52.071517285	-1.015400619	155.0		
T	52.071827787	-1.014769793	154.0		
T	52.072060154	-1.014291947	155.0		
T	52.072400247	-1.013587238	155.0		
T	52.072428951	-1.013516997	155.1		
T	52.072448623	-1.013450121	155.1		
T	52.072455750	-1.013401532	155.1		
T	52.072459596	-1.013343649	155.1		
T	52.072456196	-1.013292322	155.2		
T	52.072448285	-1.013239497	155.2		
T	52.072430585	-1.013196134	155.2		
T	52.072407957	-1.013156082	155.3		
T	52.072385079	-1.013132097	155.4		
T	52.072270891	-1.013065946	155.8		
T	52.071847802	-1.012857830	157.7		
T	52.071683843	-1.012774324	158.0		
T	52.071530913	-1.012694620	157.0		
T	52.071479823	-1.012654597	156.7		
T	52.071430475	-1.012589567	156.3		
T	52.071383622	-1.012504527	156.0		
T	52.071346425	-1.012400529	156.2		
T	52.071330489	-1.012338204	156.2		
T	52.071325206	-1.012246728	156.5		
T	52.071328772	-1.012169490	156.6		
T	52.071338943	-1.012102149	156.7		
T	52.071358927	-1.012034856	156.9		
T	52.071393784	-1.011963352	157.0		
T	52.071451901	-1.011881690	157.3		
T	52.071533203	-1.011806827	157.5		
T	52.071678750	-1.011690521	157.1		
T	52.071828707	-1.011591655	157.0		
T	52.072019284	-1.011490704	156.7		
T	52.072194370	-1.011409928	156.1		
T	52.072341819	-1.011366780	155.6		
T	52.072589891	-1.011312294	155.0		
T	52.072756796	-1.011297499	155.0		
T	52.072875953	-1.011294569	155.7		
T	52.072939531	-1.011302292	156.2		
T	52.073024889	-1.011327769	156.8		
T	52.073081907	-1.011361938	156.9		
T	52.073130702	-1.011400376	156.7		
T	52.073167659	-1.011442020	156.6		
T	52.073231765	-1.011545362	156.4		
T	52.073313879	-1.011692980	156.1		
T	52.073377627	-1.011800955	156.0		
T	52.073561886	-1.012128868	156.0		
T	52.073886828	-1.012710379	158.0		
T	52.074187047	-1.013257119	156.0		
T	52.075077815	-1.014852153	157.7		
T	52.076273855	-1.016987899	156.6		
T	52.076424285	-1.017248428	157.0		
T	52.076677472	-1.017696520	158.0		
T	52.077000860	-1.018275421	156.2		
T	52.077073133	-1.018417495	155.7		
T	52.077133712	-1.018572000	155.1		
T	52.077169385	-1.018702342	155.0		
T	52.077203102	-1.018855739	155.0		
T	52.077220563	-1.019000543	155.0		
T	52.077226799	-1.019080985	155.0		
T	52.077227441	-1.019203629	155.0		
T	52.077224323	-1.019285016	155.0		
T	52.077214733	-1.019388159	155.0		
T	52.077197572	-1.019502961	154.9		
T	52.077176326	-1.019605386	154.8		
T	52.077147274	-1.019725441	154.7		
T	52.077123043	-1.019806689	154.6		
T	52.077085203	-1.019892864	154.5		
T	52.077046553	-1.019958539	154.4		
T	52.076998397	-1.020017668	154.1		
T	52.076947866	-1.020064317	153.8		
T	52.076899268	-1.020094675	153.5		
T	52.076828722	-1.020116948	153.2		
T	52.076380509	-1.020193787	152.3		
T	52.076250917	-1.020212536	152.4		
T	52.076175771	-1.020236197	152.3		
T	52.076099250	-1.020281741	152.0		
T	52.076048604	-1.020329396	152.0		
T	52.075979725	-1.020420071	152.0		
T	52.075938631	-1.020499288	151.8		
T	52.075911967	-1.020572496	151.7		
T	52.075884126	-1.020674133	151.4		
T	52.075868918	-1.020785782	151.0		
T	52.075864315	-1.020905605	150.7		
T	52.075877054	-1.021047714	150.2		
T	52.075900091	-1.021160208	150.2		
T	52.075940210	-1.021274202	150.6		
T	52.075991694	-1.021367671	150.9		
T	52.076047917	-1.021442188	151.2		
T	52.076111620	-1.021494751	151.4		
T	52.076187438	-1.021538437	152.2		
T	52.076274580	-1.021552079	153.0		
T	52.076362057	-1.021538563	153.8		
T	52.076455302	-1.021495305	154.0		
T	52.076947916	-1.021095445	151.1		
T	52.077411671	-1.020739884	152.8		
T	52.077504625	-1.020667452	153.0		
T	52.077571613	-1.020599410	152.7		
T	52.077708166	-1.020442201	152.3		
T	52.077830377	-1.020284236	151.8		
T	52.077951148	-1.020110361	152.0		
T	52.078059823	-1.019921217	152.0		
T	52.078151426	-1.019743260	152.0		
T	52.078234621	-1.019561811	152.6		
T	52.078313216	-1.019377078	153.0		
T	52.078385233	-1.019181780	153.0		
T	52.078435286	-1.019022828	153.3		
T	52.078467433	-1.018872075	153.5		
T	52.078522969	-1.018566904	153.4		
T	52.078552350	-1.018312306	154.0		
T	52.078568652	-1.018122614	154.0		
T	52.078661946	-1.016725723	156.0		
T	52.078716086	-1.015917834	155.0		
T	52.078744501	-1.015385081	155.0		
T	52.078805022	-1.014161692	155.3		
T	52.078872633	-1.012858955	155.7		
T	52.078886470	-1.012485206	156.0		
T	52.078883264	-1.012292191	156.0		
T	52.078865398	-1.012129137	156.0		
T	52.078844360	-1.012014980	156.0		
T	52.078808688	-1.011877541	155.8		
T	52.078776950	-1.011778238	155.4		
T	52.078741233	-1.011688476	155.1		
T	52.078697995	-1.011589698	155.0		
T	52.078663332	-1.011530165	155.0		
T	52.078610856	-1.011449571	155.0		
T	52.078537591	-1.011342537	155.4		
T	52.078470954	-1.011276704	155.7		
T	52.078367412	-1.011201994	156.0		
T	52.078052756	-1.011022256	157.0		
T	52.077734078	-1.010861795	158.0		
T	52.077451772	-1.010740896	158.0		
T	52.077152566	-1.010633189	157.7		
T	52.076947891	-1.010568924	157.0		
T	52.076719499	-1.010508916	157.9		
T	52.076473188	-1.010457478	158.4		
T	52.076177633	-1.010415982	158.1		
T	52.075350945	-1.010344305	157.3		
T	52.074976991	-1.010317958	158.0		
T	52.074584499	-1.010284934	157.5		
T	52.074450151	-1.010266633	157.1		
T	52.074357119	-1.010244287	157.1		
T	52.074249359	-1.010200531	157.3		
T	52.074130405	-1.010135848	157.5		
T	52.073992032	-1.010042886	157.8		
T	52.073880941	-1.009950510	158.0		
T	52.073757306	-1.009827978	158.0		
T	52.073667136	-1.009737412	158.0		
T	52.073607239	-1.009680083	158.0		
T	52.073546910	-1.009639933	157.7		
T	52.073509123	-1.009621396	157.5		
T	52.073454570	-1.009605162	157.2		
T	52.073406510	-1.009598513	156.9		
T	52.073364808	-1.009599032	156.7		
T	52.073291971	-1.009615539	156.5		
T	52.073230962	-1.009642072	156.3		
T	52.073117334	-1.009705435	156.2		
T	52.072644099	-1.009995306	153.5		
T	52.072547527	-1.010051141	153.4		
T	52.072454901	-1.010095006	153.2		
T	52.072360538	-1.010127424	153.2		
T	52.072285173	-1.010146078	153.2		
T	52.072177536	-1.010166091	153.5		
T	52.072067456	-1.010166233	154.3		
T	52.071953654	-1.010142743	155.0		
T	52.071845424	-1.010092491	154.9		
T	52.071716792	-1.010001101	154.8		
T	52.071636010	-1.009914419	154.8		
T	52.071490161	-1.009726847	155.3		
T	52.071382274	-1.009590195	155.6		
T	52.071311915	-1.009511270	155.7		
T	52.071269665	-1.009472851	155.9		
T	52.071232315	-1.009444260	156.1		
T	52.071183984	-1.009414938	156.4		
T	52.071119248	-1.009385127	156.7		
T	52.071072010	-1.009370812	156.6		
T	52.071016648	-1.009362117	156.5		
T	52.070959183	-1.009360875	156.3		
T	52.070913951	-1.009370400	156.2		
T	52.070855182	-1.009389126	156.1		
T	52.070772779	-1.009427227	155.6		
T	52.070705669	-1.009487247	155.1		
T	52.070642248	-1.009555177	154.6		
T	52.070506678	-1.009775386	153.6		
T	52.070429367	-1.009968512	153.1		
T	52.070121719	-1.010798564	151.8		
T	52.070069226	-1.010920161	151.5		
T	52.070002724	-1.011046640	151.0		
T	52.069936366	-1.011149577	151.1		
T	52.069875886	-1.011227386	151.2		
T	52.069788091	-1.011330232	151.2		
T	52.069257724	-1.011783435	151.4		
T	52.068333359	-1.012590698	153.0		
T	52.066784820	-1.013906927	150.2		
T	52.066173775	-1.014441157	154.2		
T	52.065440584	-1.015091218	149.8		
T	52.065103268	-1.015419939	147.1		
T	52.064777679	-1.015752483	147.5		
T	52.064367485	-1.016201190	149.7		
T	52.063934027	-1.016703711	149.0		
T	52.063868318	-1.016782789	149.1		
T	52.063798490	-1.016889883	149.7		
T	52.063734836	-1.017006329	150.1		
T	52.063680211	-1.017152168	150.5		
T	52.063632905	-1.017347631	150.4		
T	52.063606245	-1.017531420	150.0		
T	52.063598434	-1.017717400	150.1		
T	52.063602387	-1.017869333	150.0		
T	52.063621821	-1.018038934	150.0		
T	52.063656610	-1.018195076	149.8		
T	52.063689025	-1.018304940	149.7		
T	52.063753122	-1.018470056	150.2		
T	52.063826805	-1.018605861	151.0		
T	52.063900409	-1.018700262	151.3		
T	52.063989188	-1.018788511	151.3		
T	52.064134822	-1.018894557	151.1		
T	52.064335045	-1.019043907	150.6		
T	52.064534361	-1.019213197	150.0		
T	52.064735102	-1.019407037	150.0		
T	52.064917639	-1.019603380	150.3		
T	52.065188079	-1.019921336	150.0		
T	52.065255469	-1.020009582	150.0		
T	52.065508401	-1.020396097	148.6		
T	52.065972792	-1.021090654	147.5		
T	52.066384048	-1.021664556	147.0		
T	52.066535442	-1.021860679	146.3		
T	52.066565172	-1.021903102	146.1		
T	52.066590790	-1.021955470	146.0		
T	52.066606846	-1.022002907	146.0		
T	52.066620571	-1.022066510	146.0		
T	52.066625810	-1.022126754	146.0		
T	52.066625507	-1.022194496	146.0		
T	52.066614154	-1.022275043	146.0		
T	52.066591287	-1.022365683	146.1		
T	52.066559688	-1.022433595	146.3		
T	52.066533560	-1.022483738	146.5		
T	52.066402980	-1.022696046	146.9		
T	52.066352129	-1.022779738	146.9		
T	52.066322887	-1.022849948	146.6		
T	52.066311882	-1.022901081	146.4		
T	52.066305308	-1.022951568	146.3		
T	52.066304413	-1.023010794	146.1		
T	52.066309001	-1.023076009	145.9		
T	52.066322978	-1.023145510	145.8		
T	52.066349743	-1.023228943	145.5		
T	52.066422559	-1.023351309	145.2		
T	52.066544760	-1.023541760	145.5		
T	52.066662132	-1.023694578	145.0		
T	52.066789377	-1.023826424	145.1		
T	52.066907258	-1.023930810	144.9		
T	52.067034933	-1.024020490	144.9		
T	52.067149258	-1.024085468	145.0		
T	52.067303505	-1.024146615	145.1		
T	52.067404432	-1.024177143	145.0		
T	52.067462389	-1.024185675	144.9		
T	52.067514507	-1.024180571	144.9		
T	52.067552674	-1.024170227	144.8		
T	52.067583867	-1.024149291	144.8		
T	52.067634340	-1.024102051	144.7		
T	52.067698389	-1.024025190	144.8		
T	52.067916325	-1.023759931	145.0		
T	52.068138630	-1.023483069	145.8		
T	52.068190333	-1.023419287	146.2		
T	52.068226287	-1.023377124	146.5		
