type	latitude	longitude	altitude (m)	name	desc
T	2.760684504	101.738394450	45.7	Sepang Outer	
T	2.760450561	101.735413327	41.2		
T	2.760272875	101.733297014	42.1		
T	2.760244650	101.732962132	42.7		
T	2.760251094	101.732868957	42.8		
T	2.760265832	101.732800927	42.9		
T	2.760293033	101.732739159	42.9		
T	2.760330779	101.732686638	43.0		
T	2.760378631	101.732635867	43.1		
T	2.760437153	101.732594889	43.2		
T	2.760503925	101.732564165	43.4		
T	2.760569383	101.732546883	43.5		
T	2.760635358	101.732537794	43.6		
T	2.760711145	101.732541998	43.6		
T	2.760770358	101.732557087	43.5		
T	2.760843407	101.732585171	43.4		
T	2.760910936	101.732636611	42.8		
T	2.760956738	101.732685021	42.3		
T	2.760999101	101.732748733	41.8		
T	2.761024508	101.732823651	41.1		
T	2.761037630	101.732909720	40.4		
T	2.761037088	101.732993971	39.8		
T	2.761024180	101.733057308	39.4		
T	2.760939135	101.733274271	38.1		
T	2.760911962	101.733340815	37.7		
T	2.760899803	101.733372413	37.7		
T	2.760897222	101.733398186	37.7		
T	2.760905057	101.733422349	37.6		
T	2.760922472	101.733444676	37.6		
T	2.760943823	101.733461661	37.5		
T	2.760974030	101.733474488	37.4		
T	2.761012626	101.733485860	37.2		
T	2.761054131	101.733489876	37.1		
T	2.761094301	101.733481632	36.9		
T	2.761150380	101.733464334	36.8		
T	2.761192924	101.733443309	36.6		
T	2.761325031	101.733359779	36.2		
T	2.761488466	101.733236357	36.4		
T	2.761587687	101.733168144	36.7		
T	2.761672510	101.733119897	36.8		
T	2.761760673	101.733082372	36.5		
T	2.761872201	101.733047829	36.0		
T	2.761969740	101.733023985	35.5		
T	2.762051847	101.733008967	35.1		
T	2.762141186	101.733004090	34.5		
T	2.762221300	101.733001561	33.9		
T	2.762349367	101.733009866	33.0		
T	2.762551126	101.733026908	31.6		
T	2.762703630	101.733041392	30.9		
T	2.762822149	101.733059086	30.2		
T	2.762922136	101.733085315	29.6		
T	2.763048339	101.733127330	28.8		
T	2.763182183	101.733185157	27.8		
T	2.763290670	101.733242425	26.9		
T	2.763398298	101.733314223	26.1		
T	2.763539672	101.733426827	25.9		
T	2.763652246	101.733543393	25.8		
T	2.763763663	101.733685097	25.6		
T	2.763855720	101.733838994	25.2		
T	2.763910648	101.733950116	25.0		
T	2.763954142	101.734069020	24.7		
T	2.764104464	101.734539471	25.6		
T	2.764303322	101.735128471	27.3		
T	2.764460402	101.735557082	28.1		
T	2.764668498	101.736105340	29.4		
T	2.764813111	101.736463004	30.5		
T	2.765015778	101.736926696	34.1		
T	2.765216076	101.737350409	38.8		
T	2.765231094	101.737389659	39.2		
T	2.765235831	101.737428777	39.6		
T	2.765238204	101.737462759	40.0		
T	2.765235212	101.737502109	40.4		
T	2.765226462	101.737545277	40.7		
T	2.765212206	101.737575215	40.9		
T	2.765189898	101.737611949	41.2		
T	2.765155263	101.737645726	41.5		
T	2.765120988	101.737672859	41.7		
T	2.765076072	101.737695227	42.0		
T	2.765021156	101.737708434	42.2		
T	2.764916865	101.737722944	42.1		
T	2.764590998	101.737770102	41.8		
T	2.764288235	101.737820433	41.7		
T	2.764069880	101.737856788	41.8		
T	2.763928291	101.737886572	42.1		
T	2.763503119	101.737980249	42.6		
T	2.763163173	101.738059598	42.0		
T	2.762992016	101.738102534	41.2		
T	2.762903648	101.738134810	40.8		
T	2.762832194	101.738165413	40.5		
T	2.762756169	101.738206915	40.2		
T	2.762691677	101.738252072	40.0		
T	2.762623701	101.738307786	39.8		
T	2.762555456	101.738370854	39.6		
T	2.762487786	101.738455505	39.7		
T	2.762439704	101.738526392	40.1		
T	2.762397781	101.738599339	40.4		
T	2.762360819	101.738677911	40.7		
T	2.762336340	101.738743168	40.9		
T	2.762314084	101.738820722	41.1		
T	2.762294512	101.738915709	41.5		
T	2.762286036	101.738993293	41.7		
T	2.762284306	101.739057859	42.0		
T	2.762284799	101.739123235	42.3		
T	2.762289344	101.739192213	42.4		
T	2.762297886	101.739252271	42.3		
T	2.762314270	101.739320557	42.3		
T	2.762337248	101.739400488	42.2		
T	2.762370313	101.739477957	42.2		
T	2.762438969	101.739606186	42.1		
T	2.762511214	101.739703132	42.2		
T	2.762587534	101.739785444	42.5		
T	2.762675515	101.739862370	42.9		
T	2.762761145	101.739934804	43.2		
T	2.762811295	101.739986335	43.3		
T	2.762853056	101.740039004	43.3		
T	2.762904337	101.740110628	43.3		
T	2.762934562	101.740160537	43.2		
T	2.762968567	101.740223400	43.1		
T	2.762989479	101.740278205	42.9		
T	2.763005677	101.740323713	42.7		
T	2.763019591	101.740370286	42.5		
T	2.763034686	101.740428019	42.2		
T	2.763043280	101.740486308	41.8		
T	2.763049010	101.740534063	41.6		
T	2.763052817	101.740602269	41.1		
T	2.763052744	101.740669382	40.7		
T	2.763050527	101.740719994	40.4		
T	2.763045052	101.740777494	40.0		
T	2.763038294	101.740813183	39.8		
T	2.763023580	101.740881658	39.7		
T	2.763004322	101.740944481	39.9		
T	2.762985803	101.740991385	40.0		
T	2.762965393	101.741046425	40.1		
T	2.762939489	101.741094790	40.2		
T	2.762910103	101.741148112	40.2		
T	2.762883592	101.741187715	40.3		
T	2.762849692	101.741233873	40.4		
T	2.762808055	101.741286230	40.5		
T	2.762763446	101.741335281	40.5		
T	2.762354976	101.741676722	40.5		
T	2.762027323	101.741970234	39.9		
T	2.761673921	101.742263889	40.2		
T	2.761114563	101.742745448	40.1		
T	2.760830778	101.742994325	40.0		
T	2.760754741	101.743060056	40.2		
T	2.760722372	101.743084818	40.3		
T	2.760698544	101.743095068	40.3		
T	2.760668660	101.743104414	40.4		
T	2.760642319	101.743110829	40.5		
T	2.760606573	101.743113888	40.6		
T	2.760572905	101.743108334	40.7		
T	2.760535441	101.743098401	40.8		
T	2.760377202	101.743033879	41.1		
T	2.760039745	101.742880649	41.3		
T	2.759818315	101.742786661	41.8		
T	2.759753734	101.742749246	41.9		
T	2.759713573	101.742709101	41.9		
T	2.759685588	101.742672004	41.8		
T	2.759661985	101.742627582	41.7		
T	2.759648620	101.742593776	41.6		
T	2.759637456	101.742544012	41.5		
T	2.759606078	101.741931718	42.1		
T	2.759574189	101.741450686	42.1		
T	2.759502880	101.740690337	41.8		
T	2.759423148	101.739832432	44.5		
T	2.759363722	101.739383259	42.7		
T	2.759242639	101.738527118	40.9		
T	2.759231177	101.738468115	40.7		
T	2.759217875	101.738441586	40.6		
T	2.759195813	101.738422134	40.3		
T	2.759168851	101.738411319	40.0		
T	2.759143458	101.738409134	40.2		
T	2.759117257	101.738414442	40.4		
T	2.759091875	101.738431159	40.6		
T	2.759054898	101.738482289	40.9		
T	2.758856452	101.738818787	42.7		
T	2.758787650	101.738932572	43.4		
T	2.758742185	101.739006536	43.9		
T	2.758695083	101.739075761	44.4		
T	2.758644775	101.739134999	45.0		
T	2.758600178	101.739179086	45.5		
T	2.758562032	101.739210203	46.1		
T	2.758512537	101.739245204	46.9		
T	2.758460723	101.739269788	47.6		
T	2.758398385	101.739301153	48.5		
T	2.758340928	101.739317333	49.2		
T	2.758291015	101.739330421	49.5		
T	2.758240429	101.739339660	49.7		
T	2.758181257	101.739346867	49.9		
T	2.758119599	101.739352896	50.1		
T	2.758060543	101.739355282	50.3		
T	2.757995806	101.739357778	50.5		
T	2.757907368	101.739354801	50.7		
T	2.757838666	101.739351535	50.9		
T	2.757749067	101.739342907	51.0		
T	2.757627607	101.739325341	51.2		
T	2.757497471	101.739297712	51.3		
T	2.757358884	101.739256816	51.1		
T	2.757232279	101.739215517	51.1		
T	2.757073263	101.739145758	50.9		
T	2.756940464	101.739072343	51.0		
T	2.756795200	101.738980796	51.1		
T	2.756690446	101.738900092	51.3		
T	2.756647480	101.738855976	51.4		
T	2.756613349	101.738812230	51.5		
T	2.756585642	101.738759559	51.6		
T	2.756565769	101.738706725	51.6		
T	2.756552634	101.738643854	51.5		
T	2.756551078	101.738581811	51.4		
T	2.756553791	101.738527966	51.2		
T	2.756566341	101.738479070	51.0		
T	2.756591421	101.738416649	50.7		
T	2.756630947	101.738354429	50.3		
T	2.756661318	101.738312155	50.0		
T	2.756905728	101.738000084	47.8		
T	2.757194667	101.737646874	45.2		
T	2.757690812	101.737059278	41.6		
T	2.758048889	101.736624605	39.5		
T	2.758144841	101.736495343	38.6		
T	2.758180388	101.736444910	38.3		
T	2.758213182	101.736369250	37.8		
T	2.758230514	101.736319666	37.5		
T	2.758241051	101.736256584	37.2		
T	2.758247222	101.736196688	36.9		
T	2.758244861	101.736125548	36.5		
T	2.758235248	101.736061505	36.2		
T	2.758222258	101.736020255	36.1		
T	2.758171907	101.735910928	35.6		
T	2.757998777	101.735577814	35.7		
T	2.757940899	101.735456701	35.9		
T	2.757890683	101.735359818	36.1		
T	2.757854670	101.735262142	36.3		
T	2.757827848	101.735178666	36.4		
T	2.757803231	101.735090522	36.5		
T	2.757781770	101.734989646	36.6		
T	2.757770027	101.734894476	36.5		
T	2.757765157	101.734784497	36.4		
T	2.757767994	101.734683662	36.3		
T	2.757778118	101.734571240	36.2		
T	2.757798335	101.734470485	36.1		
T	2.757827361	101.734343935	36.0		
T	2.757854926	101.734260239	35.9		
T	2.757890665	101.734169051	35.9		
T	2.757929555	101.734095944	35.9		
T	2.757978417	101.734003519	36.0		
T	2.758025377	101.733930593	36.0		
T	2.758069406	101.733872911	36.0		
T	2.758134242	101.733797194	36.1		
T	2.758214526	101.733717584	36.2		
T	2.758285337	101.733666311	36.3		
T	2.758344830	101.733624507	36.4		
T	2.758406894	101.733588263	36.6		
T	2.758465973	101.733557787	36.8		
T	2.758525532	101.733532913	37.1		
T	2.758587211	101.733516436	37.3		
T	2.758640773	101.733507923	37.6		
T	2.758700958	101.733510828	37.9		
T	2.758746577	101.733519124	38.0		
T	2.758779615	101.733528752	38.2		
T	2.758829449	101.733547532	38.3		
T	2.758874446	101.733576158	38.4		
T	2.758916560	101.733609124	38.4		
T	2.758950295	101.733647321	38.4		
T	2.758975820	101.733687119	38.3		
T	2.758999609	101.733736078	38.2		
T	2.759016393	101.733791462	37.9		
T	2.759030409	101.733848059	37.7		
T	2.759097401	101.734229579	36.0		
T	2.759213865	101.734889615	35.5		
T	2.759360130	101.735597273	40.9		
T	2.759539100	101.736494843	44.6		
T	2.759719296	101.737458177	44.4		
T	2.760020252	101.739063500	48.1		
T	2.760175220	101.739936985	44.6		
T	2.760315421	101.740770064	42.4		
T	2.760409281	101.741298843	41.9		
T	2.760418297	101.741346267	41.8		
T	2.760429152	101.741388531	41.7		
T	2.760446275	101.741422072	41.6		
T	2.760468427	101.741449843	41.5		
T	2.760494463	101.741472464	41.5		
T	2.760528267	101.741496614	41.4		
T	2.760564175	101.741509740	41.3		
T	2.760598755	101.741520659	41.2		
T	2.760639746	101.741526235	41.2		
T	2.760683310	101.741518362	41.2		
T	2.760723309	101.741508404	41.2		
T	2.760758959	101.741488895	41.3		
T	2.760793329	101.741467972	41.4		
T	2.760834982	101.741429780	41.7		
T	2.760863079	101.741389131	41.9		
T	2.760882394	101.741340855	42.2		
T	2.760891797	101.741286922	42.5		
T	2.760889668	101.741211480	43.0		
T	2.760863294	101.740750684	45.4		
T	2.760753842	101.739452254	43.1		
T	2.760684504	101.738394450	45.7		
