type	latitude	longitude	altitude (m)	name	desc
T	2.760826793	101.738383326	44.9	Sepang Inner	
T	2.760735403	101.737288214	41.6		
T	2.760608287	101.735595256	40.4		
T	2.760493397	101.734157087	38.2		
T	2.760433253	101.733394695	40.7		
T	2.760420099	101.733221050	41.3		
T	2.760406082	101.732967580	42.1		
T	2.760406742	101.732897669	42.3		
T	2.760414749	101.732852721	42.4		
T	2.760437528	101.732806392	42.5		
T	2.760459662	101.732770243	42.6		
T	2.760486314	101.732741122	42.7		
T	2.760517830	101.732717012	42.7		
T	2.760548025	101.732698998	42.8		
T	2.760584096	101.732686380	42.8		
T	2.760620302	101.732679132	42.8		
T	2.760656470	101.732678066	42.8		
T	2.760692986	101.732682400	42.8		
T	2.760727414	101.732691074	42.7		
T	2.760761654	101.732703488	42.6		
T	2.760792947	101.732722614	42.4		
T	2.760817656	101.732741176	42.3		
T	2.760835336	101.732760670	42.1		
T	2.760852093	101.732782697	41.9		
T	2.760866590	101.732805169	41.7		
T	2.760877598	101.732831522	41.5		
T	2.760888745	101.732865321	41.2		
T	2.760897097	101.732893893	41.0		
T	2.760898509	101.732920414	40.8		
T	2.760898105	101.732944030	40.6		
T	2.760892194	101.732971243	40.4		
T	2.760858668	101.733059205	39.9		
T	2.760779163	101.733242624	39.0		
T	2.760752621	101.733312318	38.7		
T	2.760741612	101.733359132	38.6		
T	2.760744410	101.733402894	38.5		
T	2.760750050	101.733438237	38.4		
T	2.760764350	101.733474844	38.3		
T	2.760791578	101.733514383	38.1		
T	2.760834368	101.733561902	37.7		
T	2.760884339	101.733599233	37.5		
T	2.760941278	101.733629637	37.3		
T	2.760990122	101.733643028	37.1		
T	2.761038890	101.733648742	37.0		
T	2.761088415	101.733648547	36.8		
T	2.761120559	101.733643265	36.7		
T	2.761174136	101.733628389	36.6		
T	2.761233340	101.733601951	36.4		
T	2.761306257	101.733555690	36.2		
T	2.761425515	101.733462303	35.8		
T	2.761542749	101.733365789	35.4		
T	2.761618417	101.733313463	35.3		
T	2.761686558	101.733274635	35.4		
T	2.761746439	101.733245195	35.2		
T	2.761805117	101.733217854	35.1		
T	2.761868742	101.733193809	34.9		
T	2.761921554	101.733179508	34.6		
T	2.761978749	101.733165528	34.4		
T	2.762036069	101.733155320	34.1		
T	2.762090637	101.733147287	33.8		
T	2.762138662	101.733142851	33.5		
T	2.762196842	101.733141389	33.1		
T	2.762265325	101.733141225	32.7		
T	2.762358154	101.733147222	32.0		
T	2.762549054	101.733166598	30.8		
T	2.762652320	101.733175043	30.3		
T	2.762721384	101.733184038	29.9		
T	2.762780629	101.733194968	29.5		
T	2.762857128	101.733214263	29.1		
T	2.762923565	101.733231194	28.6		
T	2.763001281	101.733259697	28.1		
T	2.763091109	101.733297311	27.4		
T	2.763168378	101.733336810	26.8		
T	2.763243771	101.733377671	26.4		
T	2.763317808	101.733428298	26.1		
T	2.763404760	101.733496029	26.0		
T	2.763455747	101.733539522	25.9		
T	2.763509074	101.733594128	25.9		
T	2.763577580	101.733672683	25.8		
T	2.763632653	101.733740824	25.6		
T	2.763673221	101.733803062	25.5		
T	2.763732178	101.733902992	25.3		
T	2.763789341	101.734025100	25.1		
T	2.763821995	101.734117178	24.9		
T	2.763956357	101.734538710	26.3		
T	2.764076871	101.734902020	27.2		
T	2.764147648	101.735108783	27.4		
T	2.764235167	101.735357036	27.8		
T	2.764393760	101.735785649	28.6		
T	2.764525169	101.736123815	29.6		
T	2.764697465	101.736553052	31.0		
T	2.764918112	101.737036628	35.4		
T	2.765070501	101.737375092	39.4		
T	2.765084737	101.737403352	39.7		
T	2.765094297	101.737429933	40.0		
T	2.765098536	101.737449396	40.2		
T	2.765101543	101.737470056	40.4		
T	2.765098303	101.737494959	40.7		
T	2.765083461	101.737523055	40.9		
T	2.765062044	101.737544496	41.1		
T	2.765038621	101.737562141	41.3		
T	2.765000347	101.737572641	41.4		
T	2.764929934	101.737580607	41.3		
T	2.764564381	101.737634003	40.6		
T	2.764243504	101.737684227	40.2		
T	2.764027636	101.737721150	40.4		
T	2.763849445	101.737757978	40.8		
T	2.763480884	101.737842663	41.5		
T	2.763051727	101.737938132	40.6		
T	2.762927338	101.737970190	40.1		
T	2.762842250	101.737999706	39.8		
T	2.762763220	101.738033607	39.5		
T	2.762682836	101.738078011	39.2		
T	2.762571379	101.738158488	38.8		
T	2.762481937	101.738235086	38.6		
T	2.762410956	101.738315556	38.9		
T	2.762334163	101.738416970	39.4		
T	2.762272313	101.738524190	39.8		
T	2.762221710	101.738637022	40.1		
T	2.762179974	101.738768395	40.4		
T	2.762154727	101.738889122	40.7		
T	2.762143232	101.738994899	40.9		
T	2.762140735	101.739119719	41.3		
T	2.762153121	101.739242604	41.4		
T	2.762176538	101.739352471	41.3		
T	2.762210928	101.739461140	41.3		
T	2.762260274	101.739571637	41.4		
T	2.762315517	101.739671186	41.4		
T	2.762382593	101.739771314	41.4		
T	2.762458548	101.739854125	41.4		
T	2.762563141	101.739952746	41.6		
T	2.762665298	101.740035513	42.1		
T	2.762688726	101.740061638	42.1		
T	2.762732659	101.740109936	42.2		
T	2.762765142	101.740153626	42.2		
T	2.762793331	101.740194465	42.2		
T	2.762814318	101.740225600	42.2		
T	2.762829261	101.740254075	42.2		
T	2.762845909	101.740288268	42.1		
T	2.762862034	101.740326296	42.0		
T	2.762872293	101.740356016	41.9		
T	2.762883824	101.740394123	41.7		
T	2.762894399	101.740432614	41.6		
T	2.762901189	101.740462887	41.4		
T	2.762907130	101.740499221	41.3		
T	2.762911157	101.740535949	41.1		
T	2.762913825	101.740580251	40.9		
T	2.762915118	101.740624352	40.6		
T	2.762913618	101.740673379	40.4		
T	2.762910033	101.740719410	40.1		
T	2.762904098	101.740772180	39.8		
T	2.762895342	101.740815683	39.6		
T	2.762876572	101.740885843	39.6		
T	2.762859773	101.740933063	39.7		
T	2.762841678	101.740981229	39.8		
T	2.762823055	101.741017731	39.8		
T	2.762791887	101.741068515	39.9		
T	2.762754270	101.741124554	40.0		
T	2.762711404	101.741180597	40.1		
T	2.762664298	101.741226065	40.1		
T	2.762603002	101.741280327	40.2		
T	2.762496624	101.741369085	40.3		
T	2.761875315	101.741910861	39.4		
T	2.761143494	101.742532197	40.3		
T	2.760808434	101.742831534	40.0		
T	2.760720995	101.742903889	40.2		
T	2.760680373	101.742940474	40.3		
T	2.760658843	101.742957386	40.3		
T	2.760636902	101.742967233	40.4		
T	2.760613210	101.742970279	40.4		
T	2.760590713	101.742968752	40.5		
T	2.760562819	101.742959471	40.5		
T	2.760222292	101.742805903	40.8		
T	2.759877050	101.742655402	41.0		
T	2.759843771	101.742637958	41.1		
T	2.759818491	101.742616252	41.1		
T	2.759799076	101.742591991	41.1		
T	2.759787475	101.742560361	41.0		
T	2.759780720	101.742525924	40.9		
T	2.759777732	101.742471166	40.9		
T	2.759733168	101.741721283	42.2		
T	2.759625156	101.740504938	42.5		
T	2.759577340	101.739947797	44.9		
T	2.759514675	101.739442570	43.9		
T	2.759442552	101.738925804	42.8		
T	2.759379587	101.738476442	42.5		
T	2.759367399	101.738421478	42.4		
T	2.759352309	101.738384481	42.2		
T	2.759331634	101.738352759	42.0		
T	2.759302567	101.738325881	41.6		
T	2.759264694	101.738299166	41.2		
T	2.759224714	101.738279277	40.7		
T	2.759186762	101.738268336	40.3		
T	2.759141607	101.738263225	40.3		
T	2.759096704	101.738269791	40.5		
T	2.759062021	101.738281757	40.8		
T	2.759023631	101.738303534	41.0		
T	2.758987411	101.738331028	41.3		
T	2.758957700	101.738372455	41.5		
T	2.758890964	101.738484275	42.1		
T	2.758778269	101.738686870	43.2		
T	2.758674176	101.738864965	44.3		
T	2.758617043	101.738959325	44.9		
T	2.758574420	101.739012469	45.4		
T	2.758528440	101.739056643	45.9		
T	2.758480869	101.739095397	46.4		
T	2.758420310	101.739135719	47.1		
T	2.758370233	101.739159746	47.6		
T	2.758310221	101.739180764	48.2		
T	2.758245283	101.739198655	48.5		
T	2.758141863	101.739207406	48.8		
T	2.757983001	101.739215109	49.3		
T	2.757875117	101.739212374	49.5		
T	2.757680488	101.739191744	49.8		
T	2.757527714	101.739161270	49.9		
T	2.757371562	101.739117806	50.0		
T	2.757247769	101.739071858	50.1		
T	2.757132480	101.739021677	50.2		
T	2.756984217	101.738942092	50.4		
T	2.756841546	101.738841317	50.6		
T	2.756786933	101.738799444	50.6		
T	2.756754010	101.738763052	50.7		
T	2.756730465	101.738732826	50.7		
T	2.756713920	101.738698770	50.7		
T	2.756700419	101.738659707	50.6		
T	2.756692988	101.738626239	50.6		
T	2.756692828	101.738587283	50.5		
T	2.756694399	101.738550222	50.4		
T	2.756709313	101.738508458	50.2		
T	2.756723789	101.738470494	50.0		
T	2.756755856	101.738424176	49.7		
T	2.756804205	101.738362987	49.3		
T	2.757138498	101.737937884	46.2		
T	2.757609263	101.737375514	42.6		
T	2.757917573	101.737001945	41.0		
T	2.758145053	101.736718609	39.6		
T	2.758273779	101.736559107	38.6		
T	2.758308459	101.736497264	38.2		
T	2.758338772	101.736430803	37.9		
T	2.758363803	101.736365204	37.7		
T	2.758382179	101.736278192	37.4		
T	2.758388972	101.736190820	37.0		
T	2.758384878	101.736123001	36.7		
T	2.758372999	101.736051394	36.3		
T	2.758356659	101.735981654	35.9		
T	2.758320080	101.735897460	35.3		
T	2.758282730	101.735820042	35.1		
T	2.758195678	101.735652693	35.4		
T	2.758142784	101.735545549	35.6		
T	2.758085036	101.735435192	35.8		
T	2.758040210	101.735346401	35.9		
T	2.758006785	101.735271607	36.1		
T	2.757977453	101.735194684	36.2		
T	2.757949730	101.735107564	36.3		
T	2.757930633	101.735027537	36.5		
T	2.757917202	101.734940120	36.5		
T	2.757909412	101.734860613	36.4		
T	2.757907605	101.734775325	36.4		
T	2.757908804	101.734673021	36.3		
T	2.757919540	101.734588407	36.3		
T	2.757935533	101.734499808	36.2		
T	2.757960767	101.734387231	36.2		
T	2.758008156	101.734247988	36.2		
T	2.758058646	101.734146634	36.3		
T	2.758103306	101.734068497	36.3		
T	2.758148692	101.733999562	36.4		
T	2.758200315	101.733937134	36.4		
T	2.758246564	101.733880166	36.4		
T	2.758297956	101.733835843	36.5		
T	2.758368629	101.733777959	36.6		
T	2.758430837	101.733736819	36.7		
T	2.758500200	101.733697346	36.9		
T	2.758580664	101.733661862	37.2		
T	2.758633951	101.733648564	37.4		
T	2.758665226	101.733646253	37.5		
T	2.758697937	101.733649172	37.6		
T	2.758728128	101.733656391	37.7		
T	2.758756872	101.733666541	37.7		
T	2.758783212	101.733683180	37.8		
T	2.758809393	101.733702226	37.8		
T	2.758831675	101.733722661	37.8		
T	2.758852542	101.733746829	37.8		
T	2.758873208	101.733792155	37.6		
T	2.758885229	101.733842059	37.5		
T	2.758894293	101.733896905	37.3		
T	2.759002300	101.734478841	35.8		
T	2.759133790	101.735220148	36.6		
T	2.759229845	101.735680682	40.4		
T	2.759524415	101.737280407	43.5		
T	2.759741244	101.738422682	46.7		
T	2.759939439	101.739504741	46.4		
T	2.760045968	101.740114478	44.2		
T	2.760131124	101.740596995	42.0		
T	2.760211851	101.741018968	41.5		
T	2.760284675	101.741424229	41.5		
T	2.760296647	101.741452690	41.5		
T	2.760322148	101.741488545	41.5		
T	2.760363594	101.741544566	41.3		
T	2.760404257	101.741580995	41.2		
T	2.760459861	101.741619276	41.0		
T	2.760514979	101.741643725	40.8		
T	2.760566983	101.741659519	40.7		
T	2.760648641	101.741660684	40.5		
T	2.760714374	101.741650552	40.4		
T	2.760773950	101.741634549	40.4		
T	2.760817099	101.741614400	40.4		
T	2.760869232	101.741580839	40.5		
T	2.760930112	101.741531551	40.7		
T	2.760984075	101.741459855	41.0		
T	2.761006770	101.741401789	41.3		
T	2.761026491	101.741328563	41.7		
T	2.761036663	101.741265555	42.0		
T	2.761045406	101.741186836	42.5		
T	2.761026707	101.740946382	44.1		
T	2.760982371	101.740483685	43.6		
T	2.760920613	101.739783789	41.9		
T	2.760848083	101.738668129	44.1		
T	2.760826793	101.738383326	44.9		
