type	latitude	longitude	altitude (m)	name	desc
T	-37.849998722	144.969050393	11.0	Albert Park Inner	
T	-37.849307073	144.968180022	6.7		
T	-37.848956020	144.967744829	6.2		
T	-37.848378034	144.967017850	7.3		
T	-37.847796683	144.966287406	3.9		
T	-37.847649783	144.966103167	4.6		
T	-37.847626413	144.966079081	4.6		
T	-37.847603826	144.966066623	4.6		
T	-37.847580500	144.966061559	4.6		
T	-37.847562137	144.966067467	4.5		
T	-37.847534989	144.966087364	4.3		
T	-37.847488824	144.966125076	4.1		
T	-37.847401269	144.966183454	4.7		
T	-37.847300626	144.966240300	5.4		
T	-37.847247052	144.966265310	5.8		
T	-37.847177456	144.966288827	6.5		
T	-37.847071691	144.966318125	7.6		
T	-37.846981913	144.966330200	8.6		
T	-37.846880307	144.966335271	9.2		
T	-37.846819034	144.966331102	9.4		
T	-37.846744045	144.966320913	9.5		
T	-37.846653635	144.966303675	9.6		
T	-37.846588641	144.966283542	9.2		
T	-37.846507895	144.966251674	8.7		
T	-37.846423144	144.966205190	7.9		
T	-37.846295100	144.966119745	7.4		
T	-37.846237470	144.966072501	7.3		
T	-37.846177888	144.966014375	7.0		
T	-37.846117274	144.965947171	6.2		
T	-37.846070722	144.965889291	5.9		
T	-37.846017192	144.965815720	5.6		
T	-37.845990043	144.965787554	5.7		
T	-37.845855185	144.965597317	5.3		
T	-37.845778919	144.965490042	5.7		
T	-37.845691754	144.965367309	6.2		
T	-37.845635220	144.965288945	6.0		
T	-37.845594328	144.965229903	6.3		
T	-37.845468862	144.965059501	7.3		
T	-37.845294437	144.964843579	8.3		
T	-37.845114920	144.964625701	8.0		
T	-37.844928575	144.964408579	7.9		
T	-37.844652544	144.964108380	9.4		
T	-37.844382255	144.963834178	9.7		
T	-37.844148510	144.963604568	13.0		
T	-37.843882528	144.963363995	12.9		
T	-37.843599916	144.963127065	9.7		
T	-37.843372519	144.962939841	9.5		
T	-37.842913313	144.962598113	9.0		
T	-37.842518255	144.962336683	10.8		
T	-37.842323053	144.962211639	10.7		
T	-37.842299598	144.962200474	10.4		
T	-37.842273500	144.962196646	10.2		
T	-37.842254843	144.962198359	10.1		
T	-37.842234200	144.962200890	9.9		
T	-37.842210780	144.962211610	9.9		
T	-37.842189757	144.962226686	9.9		
T	-37.842176224	144.962238083	9.8		
T	-37.842155914	144.962260956	9.7		
T	-37.842142752	144.962285313	9.6		
T	-37.842133893	144.962321035	9.4		
T	-37.842108103	144.962500734	9.0		
T	-37.841972355	144.963452331	2.6		
T	-37.841963678	144.963497016	2.5		
T	-37.841941893	144.963565623	2.2		
T	-37.841920621	144.963613487	2.1		
T	-37.841906007	144.963640450	2.5		
T	-37.841874272	144.963683513	3.0		
T	-37.841835896	144.963725492	3.6		
T	-37.841797959	144.963755658	4.1		
T	-37.841744190	144.963786997	4.6		
T	-37.841690647	144.963806443	5.0		
T	-37.841650043	144.963812009	5.2		
T	-37.841608582	144.963813290	5.4		
T	-37.841497299	144.963809494	5.8		
T	-37.840496678	144.963767735	12.5		
T	-37.840127091	144.963750540	8.9		
T	-37.840066517	144.963749316	8.5		
T	-37.840017134	144.963749239	8.1		
T	-37.839986206	144.963754775	8.1		
T	-37.839935687	144.963771145	8.5		
T	-37.839892931	144.963788763	8.8		
T	-37.839856967	144.963812686	9.1		
T	-37.839826974	144.963835092	9.4		
T	-37.839794301	144.963865374	9.6		
T	-37.839770643	144.963892322	9.8		
T	-37.839736709	144.963937061	9.9		
T	-37.839706725	144.963977147	10.1		
T	-37.839530606	144.964285686	11.4		
T	-37.839253406	144.964774042	13.7		
T	-37.839093443	144.965050640	15.7		
T	-37.839004055	144.965225578	15.7		
T	-37.838914992	144.965431737	14.5		
T	-37.838857930	144.965579614	13.2		
T	-37.838823376	144.965673399	12.7		
T	-37.838767821	144.965859685	11.6		
T	-37.838697266	144.966106962	10.7		
T	-37.838529689	144.966691633	10.4		
T	-37.838507249	144.966763326	10.6		
T	-37.838487617	144.966822585	10.8		
T	-37.838462003	144.966899641	10.9		
T	-37.838416342	144.967033327	11.4		
T	-37.838378797	144.967127478	11.8		
T	-37.838312920	144.967282213	11.9		
T	-37.838261209	144.967393539	11.7		
T	-37.838200975	144.967517467	11.5		
T	-37.838132986	144.967646631	11.0		
T	-37.838096810	144.967713362	10.9		
T	-37.838073264	144.967756524	10.9		
T	-37.838060826	144.967777087	11.0		
T	-37.838049762	144.967811970	10.9		
T	-37.838044228	144.967844380	10.8		
T	-37.838043788	144.967875893	10.7		
T	-37.838047290	144.967909316	10.6		
T	-37.838054338	144.967934854	10.4		
T	-37.838069729	144.967976481	10.2		
T	-37.838137386	144.968053202	9.4		
T	-37.838200140	144.968133074	9.0		
T	-37.838240853	144.968188698	8.7		
T	-37.838279667	144.968249109	8.4		
T	-37.838334382	144.968342101	8.1		
T	-37.838372233	144.968417098	8.6		
T	-37.838390328	144.968455641	8.9		
T	-37.838412140	144.968504633	9.2		
T	-37.838431426	144.968550189	9.6		
T	-37.838455797	144.968614756	10.0		
T	-37.838475679	144.968674152	10.2		
T	-37.838502568	144.968765040	10.6		
T	-37.838541722	144.968927694	11.0		
T	-37.838557046	144.969030833	11.1		
T	-37.838565694	144.969088235	11.1		
T	-37.838570639	144.969150853	11.1		
T	-37.838578567	144.969251269	10.8		
T	-37.838580589	144.969379050	10.3		
T	-37.838585729	144.969479504	9.6		
T	-37.838588835	144.969532992	9.0		
T	-37.838594790	144.969590797	8.4		
T	-37.838601240	144.969641808	7.9		
T	-37.838611793	144.969718511	7.0		
T	-37.838629341	144.969817011	6.9		
T	-37.838649029	144.969909639	6.7		
T	-37.838667740	144.969982687	6.7		
T	-37.838684973	144.970044425	6.6		
T	-37.838716434	144.970144774	6.6		
T	-37.838740524	144.970213396	6.6		
T	-37.838774661	144.970302415	6.5		
T	-37.838818457	144.970398629	5.7		
T	-37.838851132	144.970467314	5.0		
T	-37.838881392	144.970524852	4.4		
T	-37.838904404	144.970568543	4.1		
T	-37.838934555	144.970619645	4.2		
T	-37.838965443	144.970667182	4.3		
T	-37.839022113	144.970747655	4.4		
T	-37.839098587	144.970846834	4.5		
T	-37.839162451	144.970923286	5.0		
T	-37.839230998	144.970992618	5.6		
T	-37.839312692	144.971067111	6.5		
T	-37.839340664	144.971094180	6.8		
T	-37.839406952	144.971145703	7.9		
T	-37.839476726	144.971194774	8.8		
T	-37.839562136	144.971249723	9.6		
T	-37.839658274	144.971304214	10.4		
T	-37.839771568	144.971351327	10.1		
T	-37.839894561	144.971391528	7.9		
T	-37.840109128	144.971446896	4.2		
T	-37.840644198	144.971573016	4.4		
T	-37.841249469	144.971708960	12.2		
T	-37.841343818	144.971726558	12.6		
T	-37.841408352	144.971733566	12.9		
T	-37.841492280	144.971732785	13.5		
T	-37.841567508	144.971727999	14.0		
T	-37.841633740	144.971719782	14.4		
T	-37.841701756	144.971703276	14.4		
T	-37.841780557	144.971678440	14.1		
T	-37.841861044	144.971645745	13.8		
T	-37.841945887	144.971599205	12.8		
T	-37.842020693	144.971547189	10.5		
T	-37.842100586	144.971485413	7.9		
T	-37.842175816	144.971410812	5.2		
T	-37.842375319	144.971216637	-0.5		
T	-37.842413148	144.971179181	-1.1		
T	-37.842448567	144.971147454	-1.6		
T	-37.842490383	144.971110087	-1.9		
T	-37.842524379	144.971082396	0.0		
T	-37.842560414	144.971057762	2.1		
T	-37.842591043	144.971037630	3.6		
T	-37.842631606	144.971010914	5.4		
T	-37.842677539	144.970983237	7.0		
T	-37.842703036	144.970969979	7.7		
T	-37.842739438	144.970954193	8.5		
T	-37.842789458	144.970931923	9.3		
T	-37.842855319	144.970910068	9.4		
T	-37.842921741	144.970891985	9.5		
T	-37.843481046	144.970758795	11.2		
T	-37.843880128	144.970664877	9.4		
T	-37.844155064	144.970601315	9.2		
T	-37.844245394	144.970582601	9.1		
T	-37.844305274	144.970570890	9.1		
T	-37.844403214	144.970556321	9.0		
T	-37.844520156	144.970544892	9.0		
T	-37.844664884	144.970536138	9.0		
T	-37.844791882	144.970537909	9.2		
T	-37.844948010	144.970541906	9.8		
T	-37.845090162	144.970560910	9.9		
T	-37.845255920	144.970587436	8.9		
T	-37.845433400	144.970628813	8.0		
T	-37.845703161	144.970715692	10.6		
T	-37.845914748	144.970802664	14.4		
T	-37.846130942	144.970918061	14.8		
T	-37.846290491	144.971015837	11.6		
T	-37.846452748	144.971129116	9.4		
T	-37.846644561	144.971285936	6.3		
T	-37.846878342	144.971511321	5.3		
T	-37.847067356	144.971730911	6.3		
T	-37.847235802	144.971952067	7.1		
T	-37.847727069	144.972661359	12.6		
T	-37.847963122	144.973005640	10.5		
T	-37.848096231	144.973193743	9.3		
T	-37.848123410	144.973245723	8.7		
T	-37.848147795	144.973301834	8.0		
T	-37.848164523	144.973352056	7.5		
T	-37.848178771	144.973406843	7.4		
T	-37.848188201	144.973468107	7.3		
T	-37.848191284	144.973531876	7.4		
T	-37.848189414	144.973598410	7.6		
T	-37.848153517	144.973966511	9.7		
T	-37.848098522	144.974588412	12.3		
T	-37.848082124	144.974729196	13.4		
T	-37.848079396	144.974758873	13.6		
T	-37.848081092	144.974777371	13.7		
T	-37.848085345	144.974791344	13.8		
T	-37.848092174	144.974802095	13.9		
T	-37.848101962	144.974815663	14.1		
T	-37.848288545	144.975083590	13.5		
T	-37.848406092	144.975257366	10.3		
T	-37.848631563	144.975582938	14.3		
T	-37.848854989	144.975904900	15.4		
T	-37.849360692	144.976638175	10.3		
T	-37.849511407	144.976855745	10.7		
T	-37.849554826	144.976915003	10.6		
T	-37.849615660	144.976989545	10.8		
T	-37.849686074	144.977069233	11.1		
T	-37.849778665	144.977163597	10.8		
T	-37.849843206	144.977221713	10.3		
T	-37.849945893	144.977306838	9.7		
T	-37.850070410	144.977396299	9.5		
T	-37.850126360	144.977434071	9.5		
T	-37.850227520	144.977493383	9.3		
T	-37.850320149	144.977541445	9.6		
T	-37.850410713	144.977586433	9.9		
T	-37.850474387	144.977615093	10.1		
T	-37.850530980	144.977638629	10.1		
T	-37.850774368	144.977729630	9.5		
T	-37.851156076	144.977865593	6.6		
T	-37.851694694	144.978061460	11.9		
T	-37.852358084	144.978297774	5.4		
T	-37.852406766	144.978317943	5.1		
T	-37.852627351	144.978393451	6.4		
T	-37.852934295	144.978482228	7.5		
T	-37.852945656	144.978483869	7.5		
T	-37.852980818	144.978486565	7.5		
T	-37.853003630	144.978486681	7.5		
T	-37.853023477	144.978482524	7.5		
T	-37.853044911	144.978473452	7.5		
T	-37.853062951	144.978464049	7.5		
T	-37.853083584	144.978448764	7.5		
T	-37.853096912	144.978434540	7.5		
T	-37.853116768	144.978413045	7.6		
T	-37.853132716	144.978394825	7.7		
T	-37.853146484	144.978375848	7.7		
T	-37.853159672	144.978345281	7.9		
T	-37.853228600	144.978121676	11.9		
T	-37.853485065	144.977293602	11.3		
T	-37.853724236	144.976525172	8.9		
T	-37.853785352	144.976330774	7.4		
T	-37.853824271	144.976200058	6.9		
T	-37.853840190	144.976140457	6.5		
T	-37.853846625	144.976088214	6.4		
T	-37.853851198	144.976032157	6.7		
T	-37.853854428	144.975988501	6.9		
T	-37.853852167	144.975921305	7.2		
T	-37.853848930	144.975889260	7.4		
T	-37.853836364	144.975832300	8.0		
T	-37.853826946	144.975786239	8.5		
T	-37.853817090	144.975748257	8.9		
T	-37.853804790	144.975708122	9.4		
T	-37.853782394	144.975651143	10.2		
T	-37.853767421	144.975621541	10.7		
T	-37.853753575	144.975595618	11.1		
T	-37.853736207	144.975567882	11.7		
T	-37.853722517	144.975545816	12.0		
T	-37.853703535	144.975516586	12.4		
T	-37.853686157	144.975489741	12.7		
T	-37.853667015	144.975466852	13.1		
T	-37.853625990	144.975427036	13.8		
T	-37.853586032	144.975392734	14.0		
T	-37.852923329	144.974933551	6.0		
T	-37.852715412	144.974789777	6.5		
T	-37.852564631	144.974684097	6.9		
T	-37.852462682	144.974608050	7.3		
T	-37.852334157	144.974509489	7.6		
T	-37.852199102	144.974400396	7.7		
T	-37.852117756	144.974331946	7.0		
T	-37.852090577	144.974307395	6.8		
T	-37.852067102	144.974283436	6.6		
T	-37.852044825	144.974253198	6.5		
T	-37.852024921	144.974208664	6.3		
T	-37.852015859	144.974180160	6.3		
T	-37.852009166	144.974145347	6.2		
T	-37.852009138	144.974105327	6.0		
T	-37.852011927	144.974068745	5.9		
T	-37.852019541	144.974035930	5.8		
T	-37.852033422	144.973999684	5.7		
T	-37.852048789	144.973973128	5.7		
T	-37.852067659	144.973946877	5.7		
T	-37.852105372	144.973904767	5.6		
T	-37.852114705	144.973890638	5.6		
T	-37.852164150	144.973836157	5.8		
T	-37.852203264	144.973794917	5.9		
T	-37.852287618	144.973703262	6.5		
T	-37.852510419	144.973459177	7.5		
T	-37.852656422	144.973299529	7.4		
T	-37.852697336	144.973247271	7.4		
T	-37.852740714	144.973173369	7.3		
T	-37.852766492	144.973117975	7.2		
T	-37.852786894	144.973054663	7.0		
T	-37.852796226	144.973012300	6.9		
T	-37.852804006	144.972973155	6.8		
T	-37.852810323	144.972935051	6.7		
T	-37.852810544	144.972905935	6.6		
T	-37.852811788	144.972860556	6.5		
T	-37.852811044	144.972819700	6.4		
T	-37.852807749	144.972761104	6.2		
T	-37.852802020	144.972725688	6.2		
T	-37.852794160	144.972684453	6.1		
T	-37.852783621	144.972640343	6.0		
T	-37.852776227	144.972615979	6.0		
T	-37.852768806	144.972583786	6.0		
T	-37.852756243	144.972551483	5.9		
T	-37.852740448	144.972519927	5.9		
T	-37.852717231	144.972478700	5.8		
T	-37.852692447	144.972436957	5.7		
T	-37.852653747	144.972388469	5.6		
T	-37.852552623	144.972264571	5.2		
T	-37.852462637	144.972151128	5.3		
T	-37.852331752	144.971987187	5.8		
T	-37.852143318	144.971749662	6.3		
T	-37.851795584	144.971312625	8.5		
T	-37.851499604	144.970939955	9.5		
T	-37.851284536	144.970664305	9.0		
T	-37.851157481	144.970509070	9.2		
T	-37.850982434	144.970289834	9.5		
T	-37.850807789	144.970067720	8.9		
T	-37.850686924	144.969917413	8.8		
T	-37.850538523	144.969731906	8.9		
T	-37.850417014	144.969579686	9.3		
T	-37.850293391	144.969424506	10.1		
T	-37.850113492	144.969197442	10.9		
T	-37.850040687	144.969106107	11.1		
T	-37.850014946	144.969074849	11.0		
T	-37.849998722	144.969050393	11.0		
