type	latitude	longitude	altitude (m)	name	desc
T	44.344469266	11.714040214	46.0	Imola Outer	
T	44.344509204	11.713787556	45.4		
T	44.344526159	11.713636247	44.8		
T	44.344540452	11.713458126	43.4		
T	44.344562373	11.713146044	41.8		
T	44.344584636	11.712793897	41.5		
T	44.344590591	11.712653874	41.7		
T	44.344593878	11.712473253	42.1		
T	44.344593787	11.712298385	42.7		
T	44.344587973	11.712099576	43.7		
T	44.344560113	11.711644820	46.6		
T	44.344517895	11.711042755	45.8		
T	44.344471212	11.710389199	44.4		
T	44.344432550	11.709840715	43.0		
T	44.344415564	11.709624597	43.0		
T	44.344395151	11.709468525	43.0		
T	44.344270472	11.708745900	42.4		
T	44.344194881	11.708321299	42.0		
T	44.344176238	11.708244221	42.0		
T	44.344156067	11.708183135	42.0		
T	44.344136848	11.708141371	42.0		
T	44.344117282	11.708110528	42.0		
T	44.344098588	11.708086307	42.0		
T	44.344077841	11.708061221	42.0		
T	44.344050493	11.708034127	42.1		
T	44.344022909	11.708013725	42.2		
T	44.343986926	11.707992785	42.2		
T	44.343956005	11.707982597	42.3		
T	44.343869273	11.707958585	42.3		
T	44.343829751	11.707947244	42.4		
T	44.343794742	11.707936846	42.4		
T	44.343762976	11.707927119	42.5		
T	44.343715079	11.707911934	42.5		
T	44.343677664	11.707898063	42.6		
T	44.343643885	11.707879209	42.6		
T	44.343610278	11.707856171	42.7		
T	44.343583808	11.707829779	42.8		
T	44.343557240	11.707802100	42.8		
T	44.343531867	11.707766291	42.7		
T	44.343510329	11.707725556	42.6		
T	44.343485677	11.707667750	42.5		
T	44.343352406	11.707290615	42.8		
T	44.343194459	11.706842680	43.6		
T	44.343109631	11.706598368	42.8		
T	44.343080834	11.706531559	42.5		
T	44.343045386	11.706464077	42.2		
T	44.343003878	11.706394384	41.8		
T	44.342953729	11.706329905	41.4		
T	44.342893147	11.706273224	41.0		
T	44.342802220	11.706205533	40.4		
T	44.342708393	11.706150238	40.4		
T	44.342233550	11.705880766	42.9		
T	44.341094965	11.705250132	43.9		
T	44.340439746	11.704882774	43.8		
T	44.339743514	11.704490414	42.9		
T	44.339495927	11.704349121	43.3		
T	44.339440935	11.704322032	43.4		
T	44.339387418	11.704301053	43.6		
T	44.339341217	11.704293087	43.7		
T	44.339289727	11.704289308	43.9		
T	44.339243390	11.704292037	43.9		
T	44.339191056	11.704303478	44.0		
T	44.339071105	11.704347726	43.6		
T	44.338759622	11.704464065	43.0		
T	44.338712754	11.704479591	43.0		
T	44.338679298	11.704491537	43.0		
T	44.338646522	11.704498038	43.0		
T	44.338615343	11.704498691	43.0		
T	44.338586499	11.704492673	43.2		
T	44.338561116	11.704481916	43.3		
T	44.338536441	11.704467934	43.5		
T	44.338516661	11.704451581	43.7		
T	44.338493712	11.704430049	43.9		
T	44.338463863	11.704389378	44.2		
T	44.338189941	11.703936407	45.0		
T	44.337821252	11.703325188	45.0		
T	44.337477185	11.702752716	48.3		
T	44.337214141	11.702315568	51.3		
T	44.337125780	11.702174645	51.3		
T	44.337080113	11.702110825	50.7		
T	44.337049834	11.702070311	50.4		
T	44.337009663	11.702028252	50.2		
T	44.336977486	11.701999615	50.1		
T	44.336944954	11.701981009	50.1		
T	44.336906531	11.701964828	50.1		
T	44.336859616	11.701953708	50.0		
T	44.336828503	11.701950504	50.0		
T	44.336800021	11.701949972	50.0		
T	44.336757487	11.701955406	50.1		
T	44.336699306	11.701978129	50.2		
T	44.336649384	11.702011690	50.6		
T	44.336597332	11.702059795	51.2		
T	44.336545269	11.702130986	51.9		
T	44.336508996	11.702201985	52.5		
T	44.336483231	11.702281125	52.9		
T	44.336470876	11.702353736	53.2		
T	44.336466688	11.702415693	53.4		
T	44.336471432	11.702515993	53.8		
T	44.336495114	11.702787645	54.7		
T	44.336523848	11.703091864	55.6		
T	44.336537857	11.703249954	55.7		
T	44.336566135	11.703550929	55.7		
T	44.336582247	11.703720571	56.2		
T	44.336630305	11.704240797	57.4		
T	44.336643599	11.704386614	58.0		
T	44.336691297	11.704894334	60.8		
T	44.336730268	11.705318185	62.1		
T	44.336785121	11.705916947	63.5		
T	44.336808145	11.706185049	66.0		
T	44.336825029	11.706409138	69.0		
T	44.336835836	11.706652959	72.0		
T	44.336835629	11.706894775	72.7		
T	44.336827253	11.707141929	72.4		
T	44.336815770	11.707337330	72.4		
T	44.336802573	11.707486142	72.5		
T	44.336741510	11.707954358	72.8		
T	44.336665042	11.708521435	73.3		
T	44.336607706	11.708944110	72.2		
T	44.336582554	11.709131281	71.2		
T	44.336568276	11.709245280	70.9		
T	44.336560138	11.709336744	70.7		
T	44.336557851	11.709407536	70.5		
T	44.336560557	11.709467843	70.4		
T	44.336564635	11.709508122	70.5		
T	44.336573835	11.709560206	70.6		
T	44.336587110	11.709618318	70.7		
T	44.336601682	11.709668154	70.9		
T	44.336625455	11.709732009	71.0		
T	44.336660121	11.709806639	71.0		
T	44.336691561	11.709857757	71.0		
T	44.336736804	11.709920113	71.1		
T	44.336795295	11.709980887	71.0		
T	44.336857779	11.710031589	71.0		
T	44.337040136	11.710150483	71.3		
T	44.337239014	11.710278685	71.0		
T	44.337412651	11.710390756	70.6		
T	44.337501651	11.710442198	70.4		
T	44.337573175	11.710477892	69.9		
T	44.337675696	11.710521320	69.4		
T	44.337752757	11.710546900	69.1		
T	44.337852572	11.710574603	68.2		
T	44.337950786	11.710591741	67.3		
T	44.338032377	11.710600704	66.5		
T	44.338116223	11.710604566	65.9		
T	44.338222286	11.710599540	65.1		
T	44.338306204	11.710589413	64.4		
T	44.338430008	11.710562386	63.7		
T	44.338548784	11.710527210	62.6		
T	44.338944679	11.710407590	60.3		
T	44.339082516	11.710364869	59.6		
T	44.339547689	11.710223613	58.6		
T	44.339747801	11.710162577	58.0		
T	44.339938998	11.710105136	55.6		
T	44.339965490	11.710098245	55.3		
T	44.339985092	11.710094534	55.1		
T	44.340003606	11.710093150	55.0		
T	44.340020928	11.710093439	54.7		
T	44.340042694	11.710096538	54.4		
T	44.340067068	11.710101107	54.1		
T	44.340090861	11.710109652	53.8		
T	44.340118823	11.710123379	53.3		
T	44.340159529	11.710152307	52.6		
T	44.340213403	11.710198927	51.6		
T	44.340386583	11.710353426	48.9		
T	44.340710182	11.710643375	48.3		
T	44.340794846	11.710723169	48.8		
T	44.340817529	11.710745920	48.9		
T	44.340837579	11.710770248	49.1		
T	44.340850066	11.710790882	49.2		
T	44.340860208	11.710813616	49.4		
T	44.340865906	11.710835055	49.5		
T	44.340870185	11.710856707	49.8		
T	44.340872744	11.710875916	50.0		
T	44.340872909	11.710893259	50.2		
T	44.340872658	11.710915940	50.4		
T	44.340869652	11.710944025	50.7		
T	44.340856475	11.710988306	51.0		
T	44.340784143	11.711221708	52.4		
T	44.340722021	11.711420037	53.3		
T	44.340709417	11.711465991	53.4		
T	44.340699418	11.711507247	53.5		
T	44.340689909	11.711566632	53.6		
T	44.340683882	11.711625338	53.8		
T	44.340680823	11.711706067	54.1		
T	44.340682167	11.712042103	56.3		
T	44.340684490	11.712347340	59.1		
T	44.340687108	11.712790005	61.5		
T	44.340688669	11.713096166	62.6		
T	44.340692157	11.713552888	63.8		
T	44.340693975	11.713930518	64.2		
T	44.340696873	11.714438660	66.0		
T	44.340701641	11.714879700	68.0		
T	44.340707180	11.715212729	69.2		
T	44.340710941	11.715902083	68.7		
T	44.340713711	11.716545816	70.2		
T	44.340715659	11.716868092	70.1		
T	44.340716993	11.716960168	70.0		
T	44.340714642	11.717012452	70.0		
T	44.340707137	11.717043355	70.0		
T	44.340697412	11.717062408	70.0		
T	44.340683116	11.717080507	70.0		
T	44.340663819	11.717093077	69.9		
T	44.340556119	11.717144954	69.3		
T	44.340522760	11.717165417	69.2		
T	44.340496876	11.717185326	69.1		
T	44.340466827	11.717225755	69.0		
T	44.340445891	11.717270696	69.0		
T	44.340435698	11.717312617	69.0		
T	44.340429195	11.717370750	69.0		
T	44.340432579	11.717423160	69.0		
T	44.340442783	11.717467164	69.0		
T	44.340526266	11.717747868	68.2		
T	44.340767279	11.718553596	68.0		
T	44.341007800	11.719363523	68.4		
T	44.341069745	11.719559672	67.8		
T	44.341140924	11.719754988	67.0		
T	44.341205272	11.719909468	66.8		
T	44.341280848	11.720067953	66.1		
T	44.341385669	11.720282315	65.0		
T	44.341508540	11.720522553	64.6		
T	44.341626118	11.720740934	64.1		
T	44.341741044	11.720938735	64.1		
T	44.341912281	11.721193756	64.4		
T	44.342000946	11.721318172	64.5		
T	44.342259877	11.721680725	63.9		
T	44.342627063	11.722193989	61.6		
T	44.342874770	11.722542327	60.6		
T	44.343012081	11.722738954	59.4		
T	44.343102296	11.722872021	58.0		
T	44.343173338	11.722993901	56.9		
T	44.343231667	11.723106430	56.2		
T	44.343286379	11.723225038	55.6		
T	44.343335113	11.723348248	54.9		
T	44.343399992	11.723541124	52.8		
T	44.343447946	11.723696622	50.8		
T	44.343680256	11.724450103	44.5		
T	44.343827631	11.724925289	42.7		
T	44.343851300	11.725000688	42.1		
T	44.343870075	11.725046081	41.9		
T	44.343893368	11.725093110	41.6		
T	44.343921618	11.725134268	41.3		
T	44.343949431	11.725164633	41.1		
T	44.343981594	11.725192084	40.7		
T	44.344012487	11.725210875	40.5		
T	44.344048613	11.725223314	40.2		
T	44.344085174	11.725227445	39.9		
T	44.344130093	11.725224990	39.6		
T	44.344174986	11.725214025	39.4		
T	44.344204499	11.725202093	39.5		
T	44.344293098	11.725149368	39.5		
T	44.344527364	11.725009899	39.0		
T	44.344809133	11.724839786	39.0		
T	44.344892687	11.724789144	39.0		
T	44.344928900	11.724760556	39.0		
T	44.344959905	11.724730435	39.0		
T	44.344987282	11.724697627	39.0		
T	44.345013689	11.724659186	39.0		
T	44.345035595	11.724620896	38.9		
T	44.345053385	11.724581550	38.9		
T	44.345067090	11.724544764	38.9		
T	44.345082241	11.724496190	38.9		
T	44.345096130	11.724436254	39.0		
T	44.345103355	11.724373576	39.3		
T	44.345105949	11.724321583	39.4		
T	44.345103607	11.724263617	39.7		
T	44.345095390	11.724202975	39.9		
T	44.345079365	11.724117173	40.0		
T	44.345049266	11.723999757	40.0		
T	44.344903601	11.723465468	37.0		
T	44.344645073	11.722513419	39.5		
T	44.344538931	11.722122229	39.7		
T	44.344474078	11.721885947	38.5		
T	44.344348283	11.721426394	37.7		
T	44.344252979	11.721063695	38.7		
T	44.344214765	11.720901719	39.0		
T	44.344180387	11.720731011	39.4		
T	44.344138283	11.720499615	39.9		
T	44.344118118	11.720329651	39.4		
T	44.344108393	11.720140037	38.7		
T	44.344104952	11.719927647	38.0		
T	44.344103408	11.719508227	37.1		
T	44.344109918	11.718413957	37.1		
T	44.344115968	11.717209227	39.0		
T	44.344119986	11.716449076	39.8		
T	44.344121804	11.716346994	39.7		
T	44.344127166	11.716248450	39.4		
T	44.344135703	11.716158068	39.1		
T	44.344148789	11.716056059	39.2		
T	44.344255247	11.715378550	41.0		
T	44.344401761	11.714456984	43.8		
T	44.344469266	11.714040214	46.0		
