type	latitude	longitude	altitude (m)	name	desc
T	43.961889796	12.683935194	24.7	Misano Inner	
T	43.960954823	12.683342397	24.5		
T	43.960238714	12.682888603	24.8		
T	43.959903244	12.682672265	23.0		
T	43.959875585	12.682651715	23.0		
T	43.959849355	12.682629802	23.0		
T	43.959825145	12.682604630	23.0		
T	43.959804837	12.682580898	23.0		
T	43.959786698	12.682557135	23.0		
T	43.959771795	12.682531453	23.0		
T	43.959757100	12.682503252	23.0		
T	43.959746503	12.682476037	23.1		
T	43.959734513	12.682437695	23.2		
T	43.959722921	12.682396996	23.4		
T	43.959712278	12.682356170	23.6		
T	43.959705562	12.682313741	23.7		
T	43.959701774	12.682281696	23.9		
T	43.959698371	12.682238553	24.0		
T	43.959696932	12.682181564	24.2		
T	43.959698489	12.682059608	24.6		
T	43.959706049	12.681808623	25.5		
T	43.959711447	12.681658642	26.0		
T	43.959714381	12.681562082	26.0		
T	43.959717930	12.681461900	26.0		
T	43.959718979	12.681399625	26.0		
T	43.959718165	12.681353431	26.1		
T	43.959714007	12.681318023	26.2		
T	43.959707816	12.681284053	26.4		
T	43.959700087	12.681251245	26.5		
T	43.959687980	12.681211256	26.6		
T	43.959676521	12.681177852	26.6		
T	43.959663302	12.681147184	26.7		
T	43.959646211	12.681116094	26.7		
T	43.959627567	12.681089016	26.7		
T	43.959605989	12.681061753	26.7		
T	43.959577960	12.681035539	26.6		
T	43.959538914	12.681003461	26.6		
T	43.959496331	12.680973301	26.6		
T	43.959464357	12.680959676	26.6		
T	43.959426613	12.680946952	26.6		
T	43.959230297	12.680924358	26.2		
T	43.958932254	12.680891331	26.0		
T	43.958824912	12.680878102	26.2		
T	43.958781993	12.680871326	26.3		
T	43.958751894	12.680867585	26.4		
T	43.958718328	12.680855431	26.6		
T	43.958688712	12.680842559	26.7		
T	43.958658429	12.680824324	26.8		
T	43.958631479	12.680807387	26.9		
T	43.958604589	12.680781601	27.0		
T	43.958572514	12.680749524	27.0		
T	43.958541596	12.680709128	27.1		
T	43.958510552	12.680662493	27.2		
T	43.958476753	12.680604854	27.4		
T	43.958416835	12.680490945	27.7		
T	43.958369811	12.680394946	27.9		
T	43.958309694	12.680261760	27.9		
T	43.958267623	12.680149809	27.5		
T	43.958228863	12.680026781	27.1		
T	43.958194246	12.679892689	26.4		
T	43.958169549	12.679761987	25.6		
T	43.958154304	12.679658772	25.1		
T	43.958144070	12.679561682	24.7		
T	43.958143314	12.679478809	24.4		
T	43.958154257	12.679255530	24.8		
T	43.958199014	12.678549111	28.0		
T	43.958235857	12.677958818	27.9		
T	43.958261580	12.677519871	28.2		
T	43.958279769	12.677257447	28.2		
T	43.958284977	12.677210460	28.2		
T	43.958296295	12.677176332	28.1		
T	43.958311063	12.677147085	28.1		
T	43.958327280	12.677126606	28.0		
T	43.958345222	12.677107883	27.9		
T	43.958366349	12.677095570	27.8		
T	43.958389853	12.677087020	27.7		
T	43.958408231	12.677085790	27.6		
T	43.958428302	12.677087462	27.5		
T	43.958449520	12.677095498	27.4		
T	43.958469402	12.677107512	27.2		
T	43.958489402	12.677126186	27.1		
T	43.958613217	12.677270039	26.0		
T	43.958748183	12.677430217	26.0		
T	43.958805544	12.677498053	26.0		
T	43.958832508	12.677532090	26.1		
T	43.958852710	12.677561960	26.2		
T	43.958866634	12.677591100	26.3		
T	43.958875263	12.677619422	26.4		
T	43.958880881	12.677645294	26.5		
T	43.958882004	12.677668487	26.6		
T	43.958881339	12.677697713	26.7		
T	43.958878436	12.677720378	26.8		
T	43.958872212	12.677747471	26.8		
T	43.958865967	12.677769801	26.9		
T	43.958849700	12.677832754	27.3		
T	43.958782164	12.678084956	28.7		
T	43.958713631	12.678339420	29.0		
T	43.958676771	12.678468361	28.6		
T	43.958657933	12.678545843	28.4		
T	43.958640438	12.678611262	28.1		
T	43.958629318	12.678660993	28.1		
T	43.958621027	12.678709894	28.0		
T	43.958615297	12.678766526	28.0		
T	43.958611457	12.678813338	28.0		
T	43.958613281	12.678883641	28.0		
T	43.958620031	12.678935569	27.7		
T	43.958632291	12.678986924	27.3		
T	43.958653367	12.679042973	27.0		
T	43.958679696	12.679097071	26.7		
T	43.958701915	12.679137669	26.5		
T	43.958821484	12.679297295	26.3		
T	43.959344182	12.679995037	26.6		
T	43.959839336	12.680653674	26.6		
T	43.960056719	12.680941475	25.7		
T	43.960277236	12.681231919	25.0		
T	43.960442810	12.681437241	24.9		
T	43.960590257	12.681613841	24.1		
T	43.960692710	12.681731835	24.4		
T	43.960798735	12.681849634	25.2		
T	43.960949550	12.682009640	26.0		
T	43.961171950	12.682236851	25.8		
T	43.961330373	12.682391745	25.2		
T	43.961438825	12.682493127	24.8		
T	43.961529939	12.682575271	24.4		
T	43.961677004	12.682706283	24.0		
T	43.961796461	12.682812960	23.5		
T	43.961934609	12.682936005	23.0		
T	43.962103536	12.683085562	22.5		
T	43.962439911	12.683383373	22.4		
T	43.962772198	12.683676845	22.0		
T	43.962939921	12.683827239	21.4		
T	43.963003046	12.683876335	21.2		
T	43.963055715	12.683912186	21.1		
T	43.963117516	12.683946603	20.9		
T	43.963150552	12.683961834	20.8		
T	43.963194072	12.683976570	20.7		
T	43.963245557	12.683985634	20.4		
T	43.963296466	12.683987049	20.2		
T	43.963332755	12.683982458	20.0		
T	43.963382000	12.683967359	20.0		
T	43.963419362	12.683948105	20.0		
T	43.963447553	12.683928695	20.0		
T	43.963478148	12.683902250	20.0		
T	43.963504057	12.683873553	20.1		
T	43.963527824	12.683838293	20.2		
T	43.963550196	12.683797374	20.3		
T	43.963571667	12.683745441	20.5		
T	43.963593025	12.683680948	20.7		
T	43.963610568	12.683615769	21.0		
T	43.963624241	12.683541736	21.0		
T	43.963629359	12.683469595	21.1		
T	43.963629212	12.683383285	21.1		
T	43.963625454	12.683298198	21.2		
T	43.963596064	12.683091359	21.9		
T	43.963580639	12.682998246	22.0		
T	43.963543275	12.682831976	21.8		
T	43.963492413	12.682653651	21.5		
T	43.963433591	12.682463279	21.7		
T	43.963381910	12.682317847	21.9		
T	43.963277696	12.682059226	22.8		
T	43.963120575	12.681677636	24.0		
T	43.962919835	12.681185933	24.6		
T	43.962707838	12.680667114	23.8		
T	43.962530283	12.680225566	22.9		
T	43.962417894	12.679949543	21.9		
T	43.962344086	12.679762954	21.5		
T	43.962300900	12.679651348	21.3		
T	43.962281948	12.679602273	21.2		
T	43.962269762	12.679557617	21.2		
T	43.962260154	12.679512523	21.1		
T	43.962253782	12.679464197	21.1		
T	43.962250627	12.679411309	21.1		
T	43.962246671	12.679349397	21.1		
T	43.962246048	12.679204414	21.2		
T	43.962249771	12.679003482	21.8		
T	43.962250891	12.678884985	22.2		
T	43.962254097	12.678817058	21.7		
T	43.962257531	12.678745119	21.3		
T	43.962263750	12.678691716	21.0		
T	43.962270878	12.678655462	20.8		
T	43.962281573	12.678619137	20.7		
T	43.962294027	12.678590109	20.8		
T	43.962307379	12.678565467	20.9		
T	43.962321612	12.678543203	21.1		
T	43.962338175	12.678519695	21.2		
T	43.962360133	12.678498122	21.3		
T	43.962381778	12.678480488	21.4		
T	43.962407231	12.678464097	21.5		
T	43.962425828	12.678455195	21.5		
T	43.962448661	12.678447819	21.6		
T	43.962473988	12.678443615	21.7		
T	43.962499919	12.678444725	21.8		
T	43.962525032	12.678446723	22.0		
T	43.962551875	12.678452158	22.3		
T	43.962578274	12.678461838	22.5		
T	43.962609311	12.678475408	22.8		
T	43.962636474	12.678489781	23.0		
T	43.962661784	12.678507334	23.3		
T	43.962684204	12.678525593	23.5		
T	43.962712850	12.678557394	23.7		
T	43.962747038	12.678600410	23.9		
T	43.962784033	12.678658651	24.4		
T	43.962830776	12.678752230	25.0		
T	43.962877674	12.678848452	25.5		
T	43.962944454	12.679009851	25.2		
T	43.963009418	12.679216873	24.8		
T	43.963072944	12.679426408	24.1		
T	43.963167006	12.679737650	24.1		
T	43.963303891	12.680192614	25.6		
T	43.963465729	12.680725075	23.9		
T	43.963635664	12.681288871	21.4		
T	43.963933180	12.682276580	21.2		
T	43.964055405	12.682679921	21.4		
T	43.964368464	12.683711125	20.6		
T	43.964513796	12.684191046	20.2		
T	43.964618727	12.684539531	20.0		
T	43.964701293	12.684818024	19.6		
T	43.964739597	12.684945992	19.3		
T	43.964764235	12.685027403	19.3		
T	43.964780967	12.685093254	19.4		
T	43.964793856	12.685148514	19.5		
T	43.964803246	12.685204307	19.6		
T	43.964808671	12.685267210	19.6		
T	43.964811778	12.685335710	19.7		
T	43.964812367	12.685405595	19.8		
T	43.964809214	12.685467891	19.9		
T	43.964798491	12.685588544	20.0		
T	43.964783897	12.685705480	20.0		
T	43.964754378	12.685941664	20.0		
T	43.964709884	12.686291273	19.4		
T	43.964604122	12.687114467	20.0		
T	43.964543998	12.687579025	19.8		
T	43.964471371	12.688142521	18.2		
T	43.964456171	12.688256492	18.1		
T	43.964445692	12.688334911	18.0		
T	43.964435687	12.688402275	17.7		
T	43.964426991	12.688460767	17.5		
T	43.964417719	12.688507930	17.3		
T	43.964407458	12.688556170	17.2		
T	43.964396269	12.688603724	17.0		
T	43.964381641	12.688650030	17.1		
T	43.964366989	12.688695482	17.3		
T	43.964350058	12.688743683	17.5		
T	43.964319678	12.688811117	17.7		
T	43.964296637	12.688861351	17.9		
T	43.964277293	12.688902538	18.1		
T	43.964247347	12.688958646	18.7		
T	43.964211035	12.689020714	19.3		
T	43.964174040	12.689081945	20.1		
T	43.964136128	12.689141015	20.7		
T	43.963914449	12.689480491	21.0		
T	43.963735567	12.689753177	20.4		
T	43.963608620	12.689946618	20.0		
T	43.963553931	12.690026400	20.3		
T	43.963529660	12.690055014	20.4		
T	43.963498009	12.690092405	20.6		
T	43.963470957	12.690114511	20.7		
T	43.963438493	12.690132847	20.8		
T	43.963396278	12.690150665	20.9		
T	43.963360670	12.690157940	21.0		
T	43.963330018	12.690163651	21.0		
T	43.963300166	12.690163671	21.1		
T	43.963263817	12.690157920	21.2		
T	43.963217054	12.690141319	21.4		
T	43.962858572	12.690013958	22.0		
T	43.962364281	12.689835772	20.7		
T	43.962252933	12.689795696	20.3		
T	43.962202881	12.689774403	20.2		
T	43.962173235	12.689758048	20.3		
T	43.962147619	12.689736752	20.3		
T	43.962126603	12.689713949	20.4		
T	43.962104585	12.689681606	20.5		
T	43.962088268	12.689648425	20.6		
T	43.962073758	12.689608850	20.7		
T	43.962063925	12.689571459	20.8		
T	43.962060196	12.689539805	20.9		
T	43.962060383	12.689514381	20.9		
T	43.962063619	12.689487079	20.9		
T	43.962069199	12.689458622	21.0		
T	43.962077131	12.689432743	21.1		
T	43.962089859	12.689403216	21.2		
T	43.962104907	12.689379074	21.3		
T	43.962123358	12.689354394	21.4		
T	43.962148839	12.689330139	21.5		
T	43.962177692	12.689312404	21.6		
T	43.962232778	12.689295986	21.5		
T	43.962423366	12.689251177	21.2		
T	43.962880089	12.689151014	21.6		
T	43.963266930	12.689064716	19.4		
T	43.963496936	12.689013602	19.3		
T	43.963530246	12.689003438	19.3		
T	43.963562666	12.688989089	19.3		
T	43.963593768	12.688973632	19.3		
T	43.963622417	12.688952474	19.3		
T	43.963649592	12.688932152	19.3		
T	43.963672916	12.688909414	19.3		
T	43.963696257	12.688885777	19.3		
T	43.963723065	12.688853296	19.4		
T	43.963747697	12.688817910	19.5		
T	43.963767401	12.688785437	19.5		
T	43.963787897	12.688746056	19.5		
T	43.963809683	12.688694565	19.4		
T	43.963825258	12.688647117	19.3		
T	43.963852478	12.688534766	18.9		
T	43.963949476	12.688087541	17.8		
T	43.964100570	12.687393399	19.4		
T	43.964323436	12.686367004	19.0		
T	43.964404573	12.685982829	19.9		
T	43.964413519	12.685909366	20.0		
T	43.964415695	12.685872918	20.0		
T	43.964415023	12.685835581	20.0		
T	43.964411417	12.685793366	20.0		
T	43.964405534	12.685754245	20.0		
T	43.964396545	12.685708197	20.0		
T	43.964384188	12.685659119	20.0		
T	43.964365580	12.685609949	20.0		
T	43.964342403	12.685557484	20.0		
T	43.964310256	12.685505514	19.8		
T	43.964260825	12.685446587	19.6		
T	43.964212610	12.685408126	19.5		
T	43.964154759	12.685370977	19.4		
T	43.963307704	12.684833890	22.1		
T	43.962377030	12.684244573	23.8		
T	43.961889796	12.683935194	24.7		
