type	latitude	longitude	altitude (m)	name	desc
T	14.958113595	103.085421157	180.0	Buriram Outer	
T	14.958692482	103.084150313	179.6		
T	14.958762200	103.084015931	179.6		
T	14.958779399	103.083964127	179.6		
T	14.959145284	103.083156413	180.2		
T	14.959231993	103.082951070	180.5		
T	14.959456055	103.082467818	180.9		
T	14.959526008	103.082344104	180.5		
T	14.959558083	103.082285223	180.3		
T	14.959593821	103.082244293	180.2		
T	14.959633756	103.082211971	180.2		
T	14.959677480	103.082182596	180.1		
T	14.959711219	103.082169593	180.1		
T	14.959752159	103.082159805	180.1		
T	14.959797642	103.082149493	180.1		
T	14.959889277	103.082156135	180.1		
T	14.959999189	103.082180703	180.2		
T	14.960379698	103.082272018	180.1		
T	14.961076992	103.082442609	179.1		
T	14.961258613	103.082489081	178.5		
T	14.961364113	103.082523017	178.1		
T	14.961952865	103.082662284	176.7		
T	14.962308632	103.082754453	176.6		
T	14.963243626	103.082987160	177.9		
T	14.964122560	103.083195248	176.4		
T	14.964648509	103.083323883	174.3		
T	14.964880211	103.083386995	173.4		
T	14.965209387	103.083453669	172.3		
T	14.965408537	103.083483125	171.7		
T	14.965776743	103.083522917	170.6		
T	14.966592238	103.083621134	170.1		
T	14.967347421	103.083704872	168.5		
T	14.968061940	103.083784496	167.6		
T	14.968310557	103.083812905	167.4		
T	14.968372255	103.083820781	167.4		
T	14.968428987	103.083835883	167.3		
T	14.968503005	103.083867765	167.1		
T	14.968582651	103.083930008	166.9		
T	14.968651602	103.083998934	166.6		
T	14.968693520	103.084062660	166.4		
T	14.968720013	103.084123385	166.2		
T	14.968735471	103.084162426	166.0		
T	14.968746924	103.084204428	166.0		
T	14.968752391	103.084238932	165.9		
T	14.968760302	103.084292087	165.8		
T	14.968757118	103.084333632	165.8		
T	14.968754009	103.084375957	165.7		
T	14.968745110	103.084431836	165.7		
T	14.968734498	103.084468744	165.7		
T	14.968719107	103.084519112	165.7		
T	14.968687727	103.084575530	165.7		
T	14.968655258	103.084625447	165.7		
T	14.968619902	103.084666530	165.7		
T	14.968588402	103.084696528	165.8		
T	14.968548602	103.084728126	165.8		
T	14.968509794	103.084751113	165.9		
T	14.968461413	103.084773193	166.0		
T	14.968409223	103.084790705	166.1		
T	14.968346271	103.084806647	166.2		
T	14.968289578	103.084810746	166.3		
T	14.968238861	103.084808832	166.5		
T	14.968155290	103.084797432	166.7		
T	14.968106539	103.084792428	166.9		
T	14.967944125	103.084769894	167.3		
T	14.967801229	103.084747970	167.6		
T	14.967399126	103.084688850	168.5		
T	14.967278659	103.084669994	168.8		
T	14.967155708	103.084644417	169.1		
T	14.966966077	103.084608023	169.6		
T	14.966561408	103.084541067	170.6		
T	14.966084202	103.084475193	171.5		
T	14.965309471	103.084354955	172.6		
T	14.964418931	103.084234817	173.2		
T	14.962695460	103.083963061	175.9		
T	14.961537740	103.083785335	176.8		
T	14.961316150	103.083752648	177.3		
T	14.961237925	103.083740846	177.5		
T	14.961167004	103.083730898	177.7		
T	14.961064565	103.083733489	178.0		
T	14.960993040	103.083743777	178.1		
T	14.960931280	103.083755128	178.3		
T	14.960878206	103.083767461	178.4		
T	14.960827424	103.083782336	178.5		
T	14.960769364	103.083803694	178.5		
T	14.960710008	103.083829811	178.6		
T	14.960659238	103.083854997	178.7		
T	14.960609491	103.083888584	178.7		
T	14.960525223	103.083950959	178.7		
T	14.960493064	103.083979663	178.7		
T	14.960195985	103.084273476	178.5		
T	14.959670455	103.084794524	177.0		
T	14.959376073	103.085126563	177.0		
T	14.959010474	103.085544558	178.2		
T	14.958995496	103.085573860	178.2		
T	14.958989701	103.085609977	178.3		
T	14.958987782	103.085647001	178.4		
T	14.958993854	103.085681333	178.4		
T	14.959007833	103.085722189	178.4		
T	14.959026225	103.085760004	178.4		
T	14.959045722	103.085801518	178.4		
T	14.959077415	103.085843732	178.3		
T	14.959116941	103.085882908	178.1		
T	14.959153388	103.085907370	178.0		
T	14.959381245	103.086014371	178.3		
T	14.959536349	103.086084338	178.7		
T	14.959597543	103.086110048	178.9		
T	14.959643661	103.086120870	179.0		
T	14.959678963	103.086127074	179.1		
T	14.959716856	103.086133016	179.2		
T	14.959771746	103.086140876	179.4		
T	14.959840187	103.086141833	179.6		
T	14.959895443	103.086138883	179.8		
T	14.959942594	103.086133065	179.9		
T	14.959977392	103.086123749	180.0		
T	14.960032738	103.086109788	180.0		
T	14.960107242	103.086084173	179.8		
T	14.960168320	103.086056117	179.6		
T	14.960242278	103.086014101	179.5		
T	14.960303072	103.085959586	179.3		
T	14.960360268	103.085906184	179.1		
T	14.960396667	103.085861494	179.1		
T	14.960457519	103.085768182	178.9		
T	14.960806379	103.085058628	179.8		
T	14.960843992	103.084988374	179.9		
T	14.960872284	103.084936964	179.8		
T	14.960916995	103.084879480	179.5		
T	14.960999465	103.084804118	179.2		
T	14.961055038	103.084770372	179.0		
T	14.961315846	103.084654554	178.3		
T	14.961380318	103.084631101	178.1		
T	14.961448293	103.084612074	177.9		
T	14.961511608	103.084599576	177.8		
T	14.961588258	103.084594878	177.7		
T	14.961669964	103.084602103	177.5		
T	14.961755457	103.084607513	177.4		
T	14.961809431	103.084611497	177.4		
T	14.962618255	103.084714047	177.0		
T	14.963898402	103.084875595	176.2		
T	14.964075925	103.084908752	175.9		
T	14.964145307	103.084919331	175.8		
T	14.964216261	103.084940021	175.6		
T	14.964273847	103.084966648	175.5		
T	14.964323693	103.084998902	175.4		
T	14.964378217	103.085042142	175.4		
T	14.964423483	103.085093779	175.3		
T	14.964470910	103.085155897	175.3		
T	14.964498061	103.085222109	175.4		
T	14.964518816	103.085283116	175.6		
T	14.964532199	103.085372248	175.8		
T	14.964551253	103.085452357	176.0		
T	14.964690895	103.086336271	175.1		
T	14.964708694	103.086495289	174.6		
T	14.964712673	103.086583750	174.3		
T	14.964705932	103.086649655	174.1		
T	14.964690810	103.086719992	174.2		
T	14.964675042	103.086778549	174.3		
T	14.964652921	103.086829135	174.5		
T	14.964634318	103.086864912	174.6		
T	14.964611774	103.086900410	174.7		
T	14.964585354	103.086935556	174.8		
T	14.964559779	103.086965244	174.9		
T	14.964532006	103.086995379	175.0		
T	14.964490556	103.087025012	175.1		
T	14.964453319	103.087050859	175.2		
T	14.964418216	103.087069877	175.3		
T	14.964375076	103.087088821	175.4		
T	14.964337937	103.087100098	175.5		
T	14.964300006	103.087111508	175.5		
T	14.964253079	103.087121542	175.6		
T	14.964209226	103.087127091	175.6		
T	14.964166380	103.087127448	175.7		
T	14.964123415	103.087124211	175.6		
T	14.964076488	103.087119465	175.6		
T	14.964026588	103.087109422	175.6		
T	14.963965321	103.087087639	175.5		
T	14.963911827	103.087062261	175.5		
T	14.963868808	103.087036579	175.4		
T	14.963826848	103.087006665	175.4		
T	14.963790673	103.086972375	175.3		
T	14.963643084	103.086813797	175.3		
T	14.963600921	103.086772206	175.4		
T	14.963524890	103.086698567	175.5		
T	14.963480772	103.086656531	175.7		
T	14.963435941	103.086614694	175.8		
T	14.963391703	103.086585175	175.9		
T	14.963346032	103.086557361	176.0		
T	14.963288498	103.086524005	176.0		
T	14.963241245	103.086500308	176.1		
T	14.963193609	103.086480684	176.1		
T	14.963136839	103.086460531	176.2		
T	14.963078101	103.086441826	176.2		
T	14.963022550	103.086428629	176.3		
T	14.962954105	103.086416580	176.3		
T	14.962876360	103.086411774	176.4		
T	14.962808022	103.086413259	176.4		
T	14.962746971	103.086415544	176.5		
T	14.962688635	103.086420372	176.5		
T	14.962611276	103.086434714	176.6		
T	14.962536403	103.086454486	176.7		
T	14.962470361	103.086476602	176.8		
T	14.962334301	103.086537374	176.9		
T	14.962202272	103.086627353	177.0		
T	14.962097421	103.086693184	177.0		
T	14.961924768	103.086801500	177.1		
T	14.961786393	103.086873727	177.2		
T	14.961685329	103.086914509	177.3		
T	14.961630873	103.086930564	177.4		
T	14.961557233	103.086944783	177.5		
T	14.961478789	103.086954806	177.6		
T	14.961402338	103.086961064	177.7		
T	14.961303527	103.086967961	177.8		
T	14.960759226	103.086982773	178.4		
T	14.960263009	103.086999960	179.7		
T	14.959647278	103.087039495	179.4		
T	14.958795446	103.087107616	178.8		
T	14.958101250	103.087158101	178.5		
T	14.957758589	103.087189536	177.7		
T	14.957654439	103.087197729	177.4		
T	14.957610244	103.087196437	177.3		
T	14.957573274	103.087182053	177.3		
T	14.957535014	103.087162507	177.3		
T	14.957508854	103.087139485	177.3		
T	14.957475495	103.087100202	177.5		
T	14.957450232	103.087060696	177.8		
T	14.957436292	103.087022312	177.9		
T	14.957425820	103.086947364	178.2		
T	14.957436710	103.086897253	178.3		
T	14.957468624	103.086818287	178.5		
T	14.957503306	103.086730160	178.8		
T	14.957777543	103.086092387	180.4		
T	14.957829848	103.085992021	180.6		
T	14.957879106	103.085892556	180.9		
T	14.958058960	103.085528457	180.3		
T	14.958113595	103.085421157	180.0		
