type	latitude	longitude	altitude (m)	name	desc
T	45.616191346	9.280851937	180.7	Monza Inner	
T	45.617404344	9.281027117	181.8		
T	45.618846522	9.281238485	183.0		
T	45.620664578	9.281497199	184.0		
T	45.621500005	9.281595875	185.0		
T	45.622051119	9.281651376	185.0		
T	45.622396647	9.281692977	185.0		
T	45.623142341	9.281789587	185.6		
T	45.624059303	9.281907242	186.0		
T	45.624430514	9.281954849	186.9		
T	45.624464337	9.281960158	187.0		
T	45.624488540	9.281973139	187.0		
T	45.624498616	9.281987597	187.0		
T	45.624510984	9.282008252	187.0		
T	45.624518861	9.282032173	187.0		
T	45.624522406	9.282056832	187.0		
T	45.624524712	9.282085109	187.0		
T	45.624516447	9.282188528	187.0		
T	45.624512598	9.282262547	187.0		
T	45.624512960	9.282315875	187.0		
T	45.624517806	9.282358465	187.0		
T	45.624527990	9.282398746	187.0		
T	45.624542396	9.282430953	187.0		
T	45.624561960	9.282463794	187.0		
T	45.624589896	9.282498136	187.0		
T	45.624629720	9.282526255	187.0		
T	45.624669033	9.282541155	187.0		
T	45.624706297	9.282540661	187.0		
T	45.624743219	9.282527358	187.0		
T	45.624766357	9.282525448	187.0		
T	45.625033664	9.282426087	187.0		
T	45.625289832	9.282319883	187.0		
T	45.625442622	9.282263808	187.0		
T	45.625527114	9.282236169	187.0		
T	45.625631991	9.282203484	187.3		
T	45.625720437	9.282182777	187.6		
T	45.625805880	9.282168712	187.9		
T	45.625897399	9.282155679	188.0		
T	45.625979215	9.282146836	188.0		
T	45.626061371	9.282142986	188.0		
T	45.626154166	9.282142885	188.0		
T	45.626251186	9.282148888	188.0		
T	45.626424430	9.282166063	188.0		
T	45.626923720	9.282223207	188.0		
T	45.627246247	9.282261945	188.0		
T	45.627392161	9.282283296	188.0		
T	45.627518496	9.282306647	188.0		
T	45.627665857	9.282341344	188.3		
T	45.627802946	9.282387585	188.5		
T	45.627905930	9.282435470	188.6		
T	45.628020428	9.282493684	188.9		
T	45.628079663	9.282524799	189.0		
T	45.628145465	9.282564177	189.0		
T	45.628208665	9.282605106	189.0		
T	45.628297369	9.282666659	188.7		
T	45.628385306	9.282734895	188.4		
T	45.628476073	9.282811523	188.6		
T	45.628559947	9.282889378	188.9		
T	45.628621986	9.282948953	189.0		
T	45.628674248	9.283004327	189.0		
T	45.628729906	9.283066515	189.0		
T	45.628807967	9.283160311	189.0		
T	45.628878623	9.283251827	189.0		
T	45.628930496	9.283323973	189.0		
T	45.628993394	9.283416327	189.0		
T	45.629049403	9.283506429	189.0		
T	45.629111698	9.283609255	189.0		
T	45.629186750	9.283745266	189.5		
T	45.629273285	9.283914132	190.0		
T	45.629352348	9.284087315	190.0		
T	45.629445841	9.284308795	190.0		
T	45.629503832	9.284466207	190.0		
T	45.629556042	9.284617746	190.0		
T	45.629599641	9.284755447	190.1		
T	45.629639862	9.284894564	190.2		
T	45.629689818	9.285085958	190.1		
T	45.629745547	9.285325555	190.0		
T	45.629787366	9.285547610	190.0		
T	45.629829846	9.285831204	190.6		
T	45.629855811	9.286067871	190.5		
T	45.629878807	9.286343842	190.4		
T	45.629898899	9.286674817	190.4		
T	45.629914490	9.286942387	191.0		
T	45.629933927	9.287278022	191.0		
T	45.629974551	9.287963499	190.9		
T	45.630017413	9.288699562	191.1		
T	45.630049883	9.289359096	191.1		
T	45.630070945	9.289915891	191.1		
T	45.630093233	9.290463943	191.0		
T	45.630106373	9.290794900	191.0		
T	45.630124248	9.291226929	191.0		
T	45.630127588	9.291314523	191.0		
T	45.630135031	9.291367122	191.0		
T	45.630143566	9.291404910	191.0		
T	45.630153306	9.291432477	191.0		
T	45.630167590	9.291460803	191.0		
T	45.630183387	9.291482184	191.0		
T	45.630205469	9.291503642	191.0		
T	45.630232545	9.291520978	191.0		
T	45.630265219	9.291537512	191.0		
T	45.630425133	9.291613655	191.1		
T	45.630465405	9.291633207	191.1		
T	45.630483239	9.291649228	191.0		
T	45.630497423	9.291667700	191.0		
T	45.630507360	9.291686352	191.0		
T	45.630518848	9.291711952	191.0		
T	45.630524554	9.291738167	191.0		
T	45.630537504	9.291859892	191.0		
T	45.630560755	9.292045717	191.0		
T	45.630588381	9.292235592	191.0		
T	45.630635604	9.292508471	190.3		
T	45.630662690	9.292641206	190.4		
T	45.630749873	9.293023683	190.1		
T	45.630937853	9.293824036	190.0		
T	45.631082812	9.294444032	189.9		
T	45.631231189	9.295074438	189.4		
T	45.631294467	9.295354550	189.7		
T	45.631305212	9.295414624	189.7		
T	45.631314024	9.295469520	189.7		
T	45.631322657	9.295550703	189.8		
T	45.631324909	9.295622360	189.8		
T	45.631322067	9.295694567	189.8		
T	45.631317000	9.295767168	189.7		
T	45.631308935	9.295828594	189.7		
T	45.631298595	9.295884237	189.7		
T	45.631283290	9.295952940	189.6		
T	45.631260490	9.296024384	189.5		
T	45.631227311	9.296106285	189.4		
T	45.631207024	9.296151452	189.3		
T	45.631181725	9.296199517	189.3		
T	45.631154392	9.296243410	189.2		
T	45.631115897	9.296294988	189.0		
T	45.631072826	9.296345678	189.0		
T	45.631034184	9.296385806	189.0		
T	45.630966776	9.296437627	189.0		
T	45.630900611	9.296478063	188.8		
T	45.630836888	9.296503144	188.6		
T	45.630764223	9.296519513	188.5		
T	45.630122952	9.296605114	188.0		
T	45.629455845	9.296691357	188.0		
T	45.628979775	9.296753686	187.5		
T	45.628696912	9.296790944	187.4		
T	45.628646270	9.296797083	187.5		
T	45.628604441	9.296797435	187.5		
T	45.628575792	9.296793911	187.5		
T	45.628548489	9.296787684	187.4		
T	45.628519419	9.296776120	187.4		
T	45.628496312	9.296764449	187.4		
T	45.628469024	9.296745031	187.3		
T	45.628438628	9.296715295	187.2		
T	45.628409607	9.296673640	187.0		
T	45.628382089	9.296628714	187.0		
T	45.628356895	9.296569216	187.0		
T	45.628223938	9.296230005	187.2		
T	45.627978651	9.295606003	187.1		
T	45.627629929	9.294708021	187.0		
T	45.627151144	9.293474529	187.0		
T	45.626928166	9.292905481	187.0		
T	45.626848682	9.292713597	187.0		
T	45.626799994	9.292603591	187.0		
T	45.626648186	9.292283682	187.7		
T	45.626520026	9.292036713	187.5		
T	45.626381752	9.291791152	187.0		
T	45.626261436	9.291594048	186.7		
T	45.625931527	9.291057114	186.0		
T	45.625423214	9.290224527	186.2		
T	45.624918015	9.289400757	187.1		
T	45.623807470	9.287589261	186.4		
T	45.623146011	9.286508120	185.7		
T	45.622865827	9.286051202	186.0		
T	45.622806301	9.285951676	186.0		
T	45.622767304	9.285898182	186.0		
T	45.622729894	9.285858430	186.0		
T	45.622695526	9.285833167	186.0		
T	45.622651847	9.285816423	186.0		
T	45.622600778	9.285808129	186.0		
T	45.622537448	9.285815744	186.0		
T	45.622405994	9.285834841	185.7		
T	45.622316596	9.285849939	185.3		
T	45.622249191	9.285862262	185.1		
T	45.622191981	9.285869560	185.0		
T	45.622131925	9.285868988	185.0		
T	45.622062287	9.285863794	185.0		
T	45.621993689	9.285852013	185.0		
T	45.621922071	9.285828041	185.0		
T	45.621838155	9.285791743	185.0		
T	45.621794576	9.285768661	185.0		
T	45.621745393	9.285738157	185.0		
T	45.621702750	9.285706052	185.0		
T	45.621646917	9.285659746	185.0		
T	45.621600088	9.285614469	185.0		
T	45.621552810	9.285560700	185.0		
T	45.621501362	9.285494362	185.0		
T	45.621451830	9.285419069	185.0		
T	45.621405956	9.285329814	185.0		
T	45.621315387	9.285148360	185.0		
T	45.621284632	9.285101024	185.0		
T	45.621246067	9.285055968	185.0		
T	45.621202410	9.285019255	185.0		
T	45.621143901	9.284984356	185.0		
T	45.621071525	9.284953075	184.9		
T	45.620989234	9.284922974	184.6		
T	45.620930698	9.284904633	184.4		
T	45.620887557	9.284891330	184.2		
T	45.620566395	9.284842461	184.0		
T	45.620218626	9.284798001	183.8		
T	45.619339316	9.284653919	183.0		
T	45.618319144	9.284493934	182.0		
T	45.616201126	9.284176131	181.0		
T	45.614721385	9.283957267	180.0		
T	45.612873905	9.283685821	179.0		
T	45.612559029	9.283636981	179.0		
T	45.612486769	9.283624401	179.0		
T	45.612413269	9.283602773	179.0		
T	45.612362687	9.283581505	179.0		
T	45.612307631	9.283547227	179.0		
T	45.612245648	9.283501855	179.0		
T	45.612185385	9.283440825	179.0		
T	45.612149506	9.283398440	179.0		
T	45.612096716	9.283321538	179.0		
T	45.612042487	9.283224201	178.7		
T	45.612016009	9.283166406	178.6		
T	45.611989491	9.283099923	178.3		
T	45.611968748	9.283037204	178.1		
T	45.611951668	9.282969142	178.0		
T	45.611934372	9.282882506	178.0		
T	45.611920603	9.282776271	178.0		
T	45.611917142	9.282675208	178.0		
T	45.611919099	9.282599678	178.0		
T	45.611925977	9.282518107	178.0		
T	45.611945680	9.282411990	178.0		
T	45.611986908	9.282219201	178.0		
T	45.612021550	9.282088585	178.0		
T	45.612064626	9.281965159	178.0		
T	45.612104493	9.281869899	178.0		
T	45.612170873	9.281737741	178.0		
T	45.612264913	9.281585208	178.0		
T	45.612351581	9.281467255	178.0		
T	45.612463204	9.281340861	178.3		
T	45.612544779	9.281260838	178.9		
T	45.612627923	9.281190509	179.4		
T	45.612702383	9.281132447	179.8		
T	45.612778780	9.281082944	180.0		
T	45.612866216	9.281030069	180.0		
T	45.612954238	9.280985223	180.0		
T	45.613047195	9.280946018	180.0		
T	45.613164527	9.280901436	180.0		
T	45.613314162	9.280857000	180.0		
T	45.613455467	9.280826385	180.0		
T	45.613690801	9.280797943	180.0		
T	45.613867654	9.280787757	180.0		
T	45.614476499	9.280780326	180.0		
T	45.615296019	9.280766993	181.0		
T	45.615809738	9.280804049	181.0		
T	45.616191346	9.280851937	180.7		
