type	latitude	longitude	altitude (m)	name	desc
T	45.616202974	9.280701571	180.5	Monza Outer	
T	45.617871193	9.280947039	182.0		
T	45.619463407	9.281178660	184.0		
T	45.621592438	9.281465089	185.0		
T	45.624072839	9.281785390	186.0		
T	45.624457155	9.281834670	186.6		
T	45.624504938	9.281844203	186.6		
T	45.624533118	9.281859092	186.7		
T	45.624556716	9.281880368	186.8		
T	45.624578632	9.281910226	186.9		
T	45.624592678	9.281941523	187.0		
T	45.624604581	9.281985133	187.0		
T	45.624609278	9.282033548	187.0		
T	45.624612684	9.282085320	187.0		
T	45.624608097	9.282151056	187.0		
T	45.624601167	9.282232803	187.0		
T	45.624598446	9.282271151	187.0		
T	45.624600531	9.282304816	187.0		
T	45.624607080	9.282335796	187.0		
T	45.624617258	9.282356289	187.0		
T	45.624632828	9.282378518	187.0		
T	45.624647424	9.282392899	187.0		
T	45.624665307	9.282404716	187.0		
T	45.624679994	9.282409929	187.0		
T	45.624699983	9.282412800	187.0		
T	45.624734779	9.282402766	187.0		
T	45.624902149	9.282339695	187.0		
T	45.625272109	9.282199110	187.0		
T	45.625520723	9.282110618	187.0		
T	45.625641307	9.282076123	187.3		
T	45.625813770	9.282042536	187.9		
T	45.626032207	9.282020464	188.0		
T	45.626196377	9.282018839	188.0		
T	45.626349688	9.282034073	188.0		
T	45.626881693	9.282095679	188.0		
T	45.627390503	9.282156417	188.0		
T	45.627538244	9.282182921	188.1		
T	45.627715986	9.282229735	188.8		
T	45.627828445	9.282270337	188.9		
T	45.627952958	9.282326379	188.9		
T	45.628124470	9.282415298	189.2		
T	45.628289480	9.282522528	189.7		
T	45.628434333	9.282630437	189.0		
T	45.628611699	9.282788406	189.0		
T	45.628715128	9.282891836	189.0		
T	45.628844065	9.283040291	189.0		
T	45.628957686	9.283186117	189.0		
T	45.629083901	9.283374462	189.0		
T	45.629182257	9.283537039	189.1		
T	45.629283366	9.283721660	189.7		
T	45.629383175	9.283926318	190.0		
T	45.629479355	9.284149351	190.0		
T	45.629554520	9.284340587	190.0		
T	45.629628678	9.284548847	190.0		
T	45.629695155	9.284762639	190.0		
T	45.629751724	9.284969649	190.0		
T	45.629810366	9.285216573	190.0		
T	45.629851224	9.285416892	190.0		
T	45.629887849	9.285635855	190.1		
T	45.629921428	9.285872839	190.3		
T	45.629942332	9.286081984	190.2		
T	45.629963742	9.286339799	190.1		
T	45.630000021	9.286944781	191.0		
T	45.630061044	9.287948775	191.2		
T	45.630102716	9.288677026	191.4		
T	45.630138442	9.289425690	191.0		
T	45.630150913	9.289728056	191.5		
T	45.630166793	9.290163830	191.0		
T	45.630182996	9.290556750	191.0		
T	45.630196203	9.290922707	191.0		
T	45.630209042	9.291257547	191.0		
T	45.630211627	9.291310029	191.0		
T	45.630222406	9.291342791	191.0		
T	45.630237519	9.291374083	191.0		
T	45.630255360	9.291398349	191.0		
T	45.630280734	9.291417925	191.0		
T	45.630333780	9.291443445	191.2		
T	45.630469447	9.291502525	191.4		
T	45.630516235	9.291527395	191.4		
T	45.630542716	9.291553189	191.4		
T	45.630564748	9.291579724	191.3		
T	45.630582853	9.291613146	191.3		
T	45.630594412	9.291648280	191.2		
T	45.630602606	9.291683705	191.2		
T	45.630608480	9.291727510	191.1		
T	45.630612812	9.291760097	191.1		
T	45.630621509	9.291785065	191.1		
T	45.630657141	9.292065559	191.0		
T	45.630705800	9.292368042	190.8		
T	45.630735388	9.292554036	190.6		
T	45.630784287	9.292779081	190.8		
T	45.630852851	9.293065814	190.0		
T	45.630929944	9.293393107	190.0		
T	45.631077484	9.294025091	190.0		
T	45.631197713	9.294542726	190.0		
T	45.631322493	9.295077578	189.8		
T	45.631371651	9.295292585	189.9		
T	45.631389850	9.295380753	190.0		
T	45.631404347	9.295472160	190.0		
T	45.631412284	9.295556299	190.0		
T	45.631412955	9.295639864	190.0		
T	45.631410969	9.295714911	190.0		
T	45.631404019	9.295792489	190.0		
T	45.631391961	9.295871926	190.0		
T	45.631366692	9.295990696	189.9		
T	45.631333904	9.296095471	189.8		
T	45.631283564	9.296212898	189.6		
T	45.631250175	9.296273830	189.5		
T	45.631220888	9.296321030	189.4		
T	45.631184223	9.296375710	189.3		
T	45.631137289	9.296432442	189.2		
T	45.631082464	9.296489462	189.3		
T	45.631017409	9.296542599	189.2		
T	45.630954931	9.296580508	188.9		
T	45.630906741	9.296604731	188.6		
T	45.630821855	9.296636649	188.1		
T	45.630745088	9.296655581	188.0		
T	45.630473643	9.296693307	188.1		
T	45.630029993	9.296741684	188.0		
T	45.629634687	9.296793272	188.0		
T	45.629012784	9.296871652	187.9		
T	45.628695982	9.296915921	187.9		
T	45.628607198	9.296923524	187.9		
T	45.628539139	9.296913381	187.9		
T	45.628492718	9.296898808	187.8		
T	45.628447294	9.296871559	187.7		
T	45.628411887	9.296843258	187.6		
T	45.628379347	9.296806626	187.5		
T	45.628344819	9.296758958	187.3		
T	45.628317929	9.296698014	187.2		
T	45.628276868	9.296617767	187.2		
T	45.628168802	9.296340185	187.5		
T	45.628021093	9.295940756	187.1		
T	45.627656070	9.295003702	187.0		
T	45.627183837	9.293786758	187.0		
T	45.626927811	9.293129363	187.0		
T	45.626879027	9.293008649	187.0		
T	45.626827649	9.292882796	187.0		
T	45.626778202	9.292763930	187.0		
T	45.626740097	9.292678211	187.0		
T	45.626693174	9.292570530	187.0		
T	45.626637355	9.292452450	187.2		
T	45.626577019	9.292327809	187.4		
T	45.626520992	9.292215378	187.5		
T	45.626421034	9.292029769	187.1		
T	45.626368819	9.291938579	187.0		
T	45.626289123	9.291804647	187.0		
T	45.626115718	9.291519582	186.5		
T	45.625937055	9.291229526	186.0		
T	45.625594893	9.290669175	186.0		
T	45.625250360	9.290108462	186.4		
T	45.624864301	9.289478430	185.9		
T	45.624425134	9.288769576	184.7		
T	45.624135995	9.288298071	185.2		
T	45.623959458	9.288012853	185.6		
T	45.623691656	9.287581305	186.0		
T	45.623522320	9.287306927	185.8		
T	45.623233235	9.286837672	185.6		
T	45.622959193	9.286391584	185.7		
T	45.622789937	9.286114568	186.0		
T	45.622739769	9.286033870	185.9		
T	45.622711226	9.285990727	185.9		
T	45.622678270	9.285956602	185.8		
T	45.622647440	9.285940359	185.8		
T	45.622613648	9.285931242	185.8		
T	45.622577135	9.285929896	185.7		
T	45.622519776	9.285939859	185.6		
T	45.622295030	9.285981074	185.1		
T	45.622216188	9.285990767	185.0		
T	45.622164132	9.285992481	185.0		
T	45.622089715	9.285986733	185.0		
T	45.622041413	9.285982208	185.0		
T	45.621956524	9.285965460	185.0		
T	45.621875423	9.285940730	185.0		
T	45.621776994	9.285891944	185.0		
T	45.621692589	9.285839391	185.0		
T	45.621602961	9.285766334	185.0		
T	45.621521913	9.285685177	185.0		
T	45.621462259	9.285613876	185.0		
T	45.621411019	9.285543999	185.0		
T	45.621361036	9.285458446	185.0		
T	45.621264647	9.285279196	185.0		
T	45.621240369	9.285230679	185.0		
T	45.621222711	9.285202902	185.0		
T	45.621204155	9.285178146	185.0		
T	45.621182847	9.285157594	185.0		
T	45.621159898	9.285136646	185.0		
T	45.621132653	9.285121177	185.0		
T	45.621105770	9.285108912	185.0		
T	45.621046241	9.285092853	184.8		
T	45.620709796	9.285023247	184.0		
T	45.620041637	9.284886659	183.2		
T	45.619736972	9.284834710	183.0		
T	45.618984161	9.284720887	182.3		
T	45.618278664	9.284617184	182.0		
T	45.616715910	9.284382922	181.0		
T	45.614919350	9.284118401	180.0		
T	45.612886147	9.283815355	179.0		
T	45.612493425	9.283761431	179.0		
T	45.612426997	9.283747189	179.0		
T	45.612368678	9.283726543	179.0		
T	45.612297076	9.283692962	179.0		
T	45.612219371	9.283643510	179.0		
T	45.612155493	9.283589233	179.0		
T	45.612075733	9.283496349	179.0		
T	45.612025962	9.283419228	179.0		
T	45.611974577	9.283329557	179.0		
T	45.611930924	9.283236827	178.7		
T	45.611890732	9.283138281	178.3		
T	45.611859847	9.283036401	178.0		
T	45.611835444	9.282920672	178.0		
T	45.611820869	9.282792541	178.0		
T	45.611815382	9.282687198	178.0		
T	45.611819591	9.282553098	178.0		
T	45.611832655	9.282433591	178.0		
T	45.611856216	9.282298475	178.0		
T	45.611910937	9.282083341	178.0		
T	45.611959998	9.281935103	178.0		
T	45.611998105	9.281839157	178.0		
T	45.612054430	9.281715784	178.0		
T	45.612128312	9.281578917	178.0		
T	45.612177470	9.281504972	178.0		
T	45.612245086	9.281408338	178.0		
T	45.612295922	9.281345084	178.2		
T	45.612368161	9.281261098	178.7		
T	45.612441192	9.281185274	179.3		
T	45.612526638	9.281107232	180.0		
T	45.612618554	9.281033163	180.0		
T	45.612715168	9.280966122	180.0		
T	45.612807244	9.280910305	180.0		
T	45.612906011	9.280857492	180.0		
T	45.612980701	9.280823205	180.0		
T	45.613064589	9.280789389	180.0		
T	45.613155506	9.280755800	180.0		
T	45.613221461	9.280730288	180.0		
T	45.613301815	9.280706836	180.0		
T	45.613390480	9.280689639	180.0		
T	45.613504784	9.280669134	180.0		
T	45.613594639	9.280659936	180.0		
T	45.613735114	9.280647181	180.0		
T	45.613920241	9.280644409	180.0		
T	45.614194894	9.280636799	180.0		
T	45.614533778	9.280631417	180.0		
T	45.615146846	9.280618536	180.6		
T	45.615418694	9.280624432	181.0		
T	45.615731676	9.280649348	181.0		
T	45.615938883	9.280667262	181.0		
T	45.616202974	9.280701571	180.5		
