type	latitude	longitude	altitude (m)	name	desc
T	36.532971032	140.226655507	153.3	Motegi Outer	
T	36.533654046	140.226189524	156.7		
T	36.534197214	140.225818196	156.9		
T	36.534813117	140.225397327	152.9		
T	36.534869667	140.225364344	153.2		
T	36.534926732	140.225339168	153.5		
T	36.534967396	140.225326993	153.7		
T	36.535007588	140.225320812	153.7		
T	36.535077140	140.225318768	152.8		
T	36.535132129	140.225327578	152.0		
T	36.535168166	140.225336108	151.5		
T	36.535204775	140.225350849	151.0		
T	36.535252609	140.225376482	150.3		
T	36.535301435	140.225407413	150.0		
T	36.535350514	140.225453105	150.0		
T	36.535388690	140.225497687	150.0		
T	36.535427978	140.225553486	150.0		
T	36.535454326	140.225606092	150.0		
T	36.535577390	140.225879441	150.3		
T	36.535601498	140.225952653	150.8		
T	36.535615443	140.226021623	151.3		
T	36.535624327	140.226081707	151.6		
T	36.535625731	140.226140209	151.9		
T	36.535619388	140.226226769	152.3		
T	36.535606164	140.226306372	152.7		
T	36.535569644	140.226414195	153.1		
T	36.535530762	140.226486373	152.9		
T	36.535478648	140.226561440	152.7		
T	36.535268129	140.226752980	152.0		
T	36.535198910	140.226815299	151.8		
T	36.534843733	140.227113055	150.5		
T	36.534224457	140.227648991	153.7		
T	36.533575531	140.228207044	153.0		
T	36.532960613	140.228733643	150.9		
T	36.531891011	140.229655575	151.8		
T	36.531508660	140.229984083	155.5		
T	36.531459278	140.230026425	155.7		
T	36.531437287	140.230051833	155.7		
T	36.531415650	140.230088658	155.6		
T	36.531401335	140.230119011	155.5		
T	36.531389571	140.230154900	155.4		
T	36.531381706	140.230212906	155.2		
T	36.531382413	140.230254748	155.1		
T	36.531385414	140.230290954	155.0		
T	36.531391540	140.230320808	154.8		
T	36.531407710	140.230372490	154.7		
T	36.531432192	140.230418418	154.7		
T	36.531573355	140.230585856	155.4		
T	36.531786485	140.230838512	156.4		
T	36.531835487	140.230887677	156.5		
T	36.531909340	140.230941855	156.5		
T	36.531977435	140.230976103	156.5		
T	36.532049554	140.231004216	156.5		
T	36.532113939	140.231012219	156.5		
T	36.532187658	140.231012647	156.6		
T	36.532263964	140.231001567	156.5		
T	36.532333705	140.230984530	156.3		
T	36.532410388	140.230949205	156.1		
T	36.532472071	140.230910127	156.0		
T	36.532530311	140.230860264	156.0		
T	36.532844709	140.230502772	151.9		
T	36.533770908	140.229451579	149.4		
T	36.534769818	140.228314327	152.2		
T	36.535226416	140.227796393	148.7		
T	36.535700616	140.227256474	149.2		
T	36.535851143	140.227087008	151.0		
T	36.535871230	140.227065071	151.4		
T	36.535908858	140.227035793	151.9		
T	36.535955249	140.227007353	152.3		
T	36.535989328	140.226995337	152.5		
T	36.536019144	140.226986834	152.6		
T	36.536056303	140.226982944	152.7		
T	36.536099594	140.226984385	152.7		
T	36.536138517	140.226992437	152.6		
T	36.536176630	140.227006224	152.4		
T	36.536207585	140.227022859	152.3		
T	36.536244714	140.227048013	152.1		
T	36.536284393	140.227084831	152.0		
T	36.536318353	140.227127741	151.9		
T	36.536341423	140.227169696	151.9		
T	36.536368451	140.227232189	152.0		
T	36.536381615	140.227284195	152.4		
T	36.536389882	140.227369071	153.1		
T	36.536414243	140.227692967	154.2		
T	36.536497890	140.228916428	152.2		
T	36.536522443	140.229229471	150.3		
T	36.536536209	140.229431369	149.6		
T	36.536540566	140.229519837	149.4		
T	36.536540504	140.229597472	149.3		
T	36.536536589	140.229678728	149.1		
T	36.536529673	140.229752256	148.9		
T	36.536516883	140.229851670	148.5		
T	36.536497049	140.229957419	148.1		
T	36.536467221	140.230076457	148.2		
T	36.536427148	140.230192114	148.6		
T	36.536374411	140.230319601	149.1		
T	36.536303432	140.230457352	149.3		
T	36.536218015	140.230584543	149.6		
T	36.536115492	140.230710147	149.5		
T	36.536019640	140.230800715	148.7		
T	36.535902279	140.230893428	148.7		
T	36.535684039	140.231053207	149.6		
T	36.535257525	140.231363514	151.8		
T	36.534773109	140.231719965	155.1		
T	36.534589480	140.231854479	154.9		
T	36.534150807	140.232175472	154.1		
T	36.534104949	140.232214957	155.1		
T	36.534064314	140.232256906	155.8		
T	36.534028258	140.232306007	156.7		
T	36.533990053	140.232372218	157.9		
T	36.533967057	140.232424801	159.0		
T	36.533947446	140.232481723	160.1		
T	36.533928828	140.232550863	160.3		
T	36.533916176	140.232626035	160.0		
T	36.533914404	140.232674877	159.7		
T	36.533914201	140.232728951	159.4		
T	36.533923631	140.232829419	159.3		
T	36.533942332	140.232911888	159.6		
T	36.534052513	140.233204192	160.5		
T	36.534088572	140.233306722	160.9		
T	36.534111452	140.233402767	161.6		
T	36.534122418	140.233498068	162.3		
T	36.534125908	140.233592398	163.0		
T	36.534122680	140.233684671	164.0		
T	36.534110907	140.233771355	164.9		
T	36.534088612	140.233870370	166.1		
T	36.534062944	140.233946721	167.0		
T	36.534028330	140.234028295	167.8		
T	36.533982019	140.234113146	168.3		
T	36.533931837	140.234182723	168.3		
T	36.533842698	140.234276412	167.5		
T	36.533769345	140.234332509	166.7		
T	36.533683917	140.234381278	165.8		
T	36.533606388	140.234411324	165.0		
T	36.533529464	140.234428972	165.3		
T	36.533467779	140.234436400	165.5		
T	36.533371886	140.234436978	165.9		
T	36.533191577	140.234429906	167.0		
T	36.532885057	140.234411487	168.6		
T	36.532319096	140.234385663	169.8		
T	36.531770234	140.234359478	169.3		
T	36.531643371	140.234352372	169.1		
T	36.531606177	140.234353675	169.1		
T	36.531574258	140.234362313	169.2		
T	36.531548592	140.234375861	169.3		
T	36.531518389	140.234396753	169.4		
T	36.531487262	140.234423823	169.6		
T	36.531464664	140.234456166	169.7		
T	36.531440743	140.234503872	169.9		
T	36.531426371	140.234545330	169.9		
T	36.531420256	140.234599193	169.9		
T	36.531418079	140.234651789	170.0		
T	36.531430457	140.234717918	170.0		
T	36.531457124	140.234777741	169.8		
T	36.531505672	140.234849655	169.7		
T	36.531836281	140.235334828	171.3		
T	36.532529622	140.236352742	173.6		
T	36.532826202	140.236791717	176.7		
T	36.533212999	140.237357134	178.2		
T	36.533503266	140.237781582	179.8		
T	36.533635865	140.237984685	179.0		
T	36.533653246	140.238030657	178.7		
T	36.533669967	140.238079575	178.5		
T	36.533678281	140.238125396	178.4		
T	36.533684070	140.238173432	178.3		
T	36.533684539	140.238219289	178.0		
T	36.533679866	140.238268062	177.8		
T	36.533667350	140.238330366	177.4		
T	36.533643773	140.238394178	177.2		
T	36.533607174	140.238459750	177.0		
T	36.533568890	140.238505764	176.8		
T	36.533528159	140.238543466	176.6		
T	36.533468704	140.238578436	176.4		
T	36.533411649	140.238597278	176.2		
T	36.533356126	140.238603533	176.1		
T	36.533298926	140.238597425	176.3		
T	36.533240027	140.238576926	176.8		
T	36.533205512	140.238557509	177.0		
T	36.533157146	140.238520630	177.2		
T	36.533117400	140.238474459	177.1		
T	36.533012440	140.238342137	176.3		
T	36.532769128	140.238009507	177.3		
T	36.532373191	140.237463803	177.3		
T	36.531875649	140.236787146	179.7		
T	36.531325484	140.236038437	176.2		
T	36.530914978	140.235476688	172.1		
T	36.530348813	140.234703735	172.6		
T	36.529716367	140.233844937	162.8		
T	36.529288542	140.233263639	164.5		
T	36.528927002	140.232771083	160.6		
T	36.528562345	140.232275322	156.8		
T	36.528480236	140.232160685	157.8		
T	36.528454044	140.232119860	158.0		
T	36.528436815	140.232066017	157.9		
T	36.528424269	140.232018509	157.7		
T	36.528418362	140.231961429	157.3		
T	36.528420898	140.231899231	156.8		
T	36.528429592	140.231845475	156.3		
T	36.528446698	140.231794424	155.8		
T	36.528467321	140.231751447	155.4		
T	36.528497757	140.231707663	154.9		
T	36.528530252	140.231668848	154.6		
T	36.528585389	140.231624366	154.3		
T	36.528994731	140.231349630	156.9		
T	36.529734460	140.230834372	151.9		
T	36.529899807	140.230721261	150.3		
T	36.529982166	140.230665555	149.5		
T	36.529999704	140.230645433	149.3		
T	36.530017339	140.230622150	149.2		
T	36.530033102	140.230594465	149.1		
T	36.530046785	140.230559390	149.0		
T	36.530165246	140.230039029	149.1		
T	36.530284572	140.229507983	149.3		
T	36.530287404	140.229461094	149.2		
T	36.530281839	140.229417777	148.8		
T	36.530275559	140.229389656	148.4		
T	36.530265118	140.229363953	148.2		
T	36.530250032	140.229335351	147.9		
T	36.530217385	140.229292940	147.6		
T	36.530166195	140.229244347	147.4		
T	36.530123223	140.229196898	147.3		
T	36.530085693	140.229134454	147.3		
T	36.530060139	140.229073257	147.3		
T	36.530041314	140.229005536	147.2		
T	36.530032741	140.228931280	147.0		
T	36.530035097	140.228869046	147.2		
T	36.530043594	140.228803623	148.4		
T	36.530065159	140.228736546	149.5		
T	36.530100062	140.228661562	150.7		
T	36.530151670	140.228594517	151.7		
T	36.530184752	140.228558400	152.2		
T	36.530429544	140.228385443	155.8		
T	36.530716891	140.228193192	157.1		
T	36.530919456	140.228060243	156.0		
T	36.531834773	140.227433654	152.9		
T	36.532612019	140.226901349	153.9		
T	36.532971032	140.226655507	153.3		
