type	latitude	longitude	altitude (m)	name	desc
T	36.533036643	140.226803458	154.5	Motegi Inner	
T	36.533773793	140.226294558	157.0		
T	36.534321886	140.225922807	156.8		
T	36.534854306	140.225556555	152.5		
T	36.534915674	140.225519535	152.8		
T	36.534954347	140.225500600	153.0		
T	36.535005682	140.225488652	153.2		
T	36.535051770	140.225489590	152.6		
T	36.535099882	140.225494992	152.1		
T	36.535135939	140.225504069	151.6		
T	36.535183281	140.225523812	151.1		
T	36.535224702	140.225551861	150.6		
T	36.535257712	140.225583126	150.2		
T	36.535308633	140.225638737	150.0		
T	36.535349712	140.225710328	150.0		
T	36.535458067	140.225954771	150.4		
T	36.535480483	140.226026462	150.7		
T	36.535489205	140.226079580	150.9		
T	36.535490130	140.226137010	151.2		
T	36.535486754	140.226182856	151.5		
T	36.535481162	140.226222123	151.7		
T	36.535469322	140.226272453	152.0		
T	36.535452133	140.226327514	152.3		
T	36.535426388	140.226384055	152.5		
T	36.535390540	140.226436788	152.4		
T	36.535331477	140.226495128	152.2		
T	36.534940440	140.226834728	151.5		
T	36.533882319	140.227756700	153.1		
T	36.531654968	140.229693477	154.1		
T	36.531380377	140.229934928	156.0		
T	36.531355594	140.229967709	155.9		
T	36.531322959	140.230018794	155.7		
T	36.531297433	140.230077670	155.5		
T	36.531280486	140.230141213	155.3		
T	36.531271234	140.230210854	155.1		
T	36.531272467	140.230267053	155.0		
T	36.531278788	140.230318926	154.9		
T	36.531292318	140.230381715	154.8		
T	36.531310251	140.230428371	154.6		
T	36.531328627	140.230466485	154.5		
T	36.531350314	140.230507095	154.3		
T	36.531494763	140.230685393	155.1		
T	36.531653641	140.230868434	156.0		
T	36.531755119	140.230981987	156.1		
T	36.531820859	140.231034509	156.2		
T	36.531885117	140.231075033	156.1		
T	36.531956907	140.231108708	156.1		
T	36.532034439	140.231133715	156.4		
T	36.532123170	140.231148027	156.7		
T	36.532195929	140.231148224	156.9		
T	36.532259030	140.231142160	156.9		
T	36.532320429	140.231127510	156.7		
T	36.532380676	140.231106394	156.4		
T	36.532453808	140.231071771	156.1		
T	36.532532424	140.231017511	156.2		
T	36.532589457	140.230970028	156.3		
T	36.532673952	140.230875195	156.2		
T	36.532804053	140.230735073	154.8		
T	36.533040173	140.230467794	152.9		
T	36.533314514	140.230146141	152.9		
T	36.533740677	140.229662578	149.9		
T	36.534529262	140.228765138	150.8		
T	36.535391517	140.227786221	148.1		
T	36.535920506	140.227183612	150.1		
T	36.535947868	140.227155853	150.6		
T	36.535978974	140.227135175	151.0		
T	36.536007703	140.227123179	151.2		
T	36.536042012	140.227114131	151.5		
T	36.536093085	140.227116836	151.7		
T	36.536131890	140.227127284	151.7		
T	36.536165465	140.227146629	151.6		
T	36.536202566	140.227178208	151.5		
T	36.536236036	140.227220975	151.5		
T	36.536263044	140.227271294	151.7		
T	36.536281882	140.227344185	152.2		
T	36.536290427	140.227451896	152.7		
T	36.536311361	140.227764868	153.7		
T	36.536407476	140.229134020	151.3		
T	36.536427442	140.229444311	149.1		
T	36.536431603	140.229547416	148.8		
T	36.536430546	140.229615201	148.6		
T	36.536426379	140.229686055	148.4		
T	36.536418256	140.229767297	148.2		
T	36.536406257	140.229848308	148.1		
T	36.536392623	140.229913221	148.0		
T	36.536365301	140.230022280	148.2		
T	36.536333239	140.230120334	148.7		
T	36.536301847	140.230203245	149.1		
T	36.536268301	140.230275435	149.4		
T	36.536226147	140.230355575	149.6		
T	36.536177903	140.230435845	149.8		
T	36.536106428	140.230535901	150.0		
T	36.536026486	140.230628368	149.0		
T	36.535957999	140.230692503	148.4		
T	36.535891342	140.230747320	148.0		
T	36.535601090	140.230960856	148.9		
T	36.535444277	140.231074103	149.8		
T	36.534997857	140.231401966	151.1		
T	36.534839297	140.231518128	153.0		
T	36.534429824	140.231819513	153.7		
T	36.534208414	140.231981219	150.4		
T	36.534069371	140.232084160	153.2		
T	36.534021645	140.232127613	154.4		
T	36.533979325	140.232176985	155.2		
T	36.533934874	140.232239697	156.1		
T	36.533899574	140.232298648	157.3		
T	36.533874835	140.232351777	158.5		
T	36.533856479	140.232400757	159.5		
T	36.533837241	140.232455571	160.4		
T	36.533824307	140.232516748	160.9		
T	36.533814725	140.232570838	160.6		
T	36.533808270	140.232635205	160.3		
T	36.533805861	140.232700539	160.0		
T	36.533809308	140.232784106	159.6		
T	36.533818246	140.232850958	159.7		
T	36.533832413	140.232919151	159.8		
T	36.533855342	140.232991797	159.9		
T	36.533891254	140.233087318	160.1		
T	36.533928203	140.233187446	160.5		
T	36.533956568	140.233259390	160.7		
T	36.533985226	140.233342302	161.1		
T	36.534003507	140.233417341	161.8		
T	36.534011850	140.233467524	162.2		
T	36.534017581	140.233528783	162.8		
T	36.534017443	140.233630144	163.7		
T	36.534010876	140.233697260	164.5		
T	36.534003834	140.233745294	165.0		
T	36.533991603	140.233808726	165.8		
T	36.533972385	140.233867890	166.5		
T	36.533953202	140.233922176	167.0		
T	36.533921539	140.233984529	167.3		
T	36.533882797	140.234047988	167.5		
T	36.533849464	140.234092783	167.4		
T	36.533813011	140.234135112	167.1		
T	36.533767227	140.234180417	166.7		
T	36.533690794	140.234235069	165.9		
T	36.533649199	140.234257711	165.4		
T	36.533582972	140.234282267	165.1		
T	36.533526260	140.234298185	165.3		
T	36.533476737	140.234303132	165.5		
T	36.533308927	140.234299907	166.2		
T	36.533079127	140.234288325	167.8		
T	36.532449372	140.234259423	169.3		
T	36.531926683	140.234235284	169.2		
T	36.531623982	140.234223445	169.0		
T	36.531572964	140.234229871	169.1		
T	36.531536455	140.234241431	169.1		
T	36.531495726	140.234263018	169.2		
T	36.531446030	140.234297914	169.4		
T	36.531403666	140.234343294	169.6		
T	36.531375609	140.234384047	169.8		
T	36.531351940	140.234430434	169.9		
T	36.531331745	140.234482879	170.0		
T	36.531319430	140.234533610	170.1		
T	36.531312494	140.234587593	170.1		
T	36.531312631	140.234639515	170.2		
T	36.531315440	140.234690680	170.2		
T	36.531325622	140.234738973	170.2		
T	36.531340760	140.234788079	169.9		
T	36.531371682	140.234853554	169.6		
T	36.531451601	140.234983343	169.3		
T	36.531696920	140.235346335	171.5		
T	36.531904572	140.235640196	172.4		
T	36.532320243	140.236251836	173.7		
T	36.532900255	140.237104287	176.8		
T	36.533434822	140.237887288	178.4		
T	36.533528425	140.238028872	177.9		
T	36.533557677	140.238087239	177.7		
T	36.533572414	140.238146609	177.5		
T	36.533577845	140.238213608	177.2		
T	36.533573372	140.238258759	177.0		
T	36.533562740	140.238304542	176.8		
T	36.533542089	140.238347985	176.5		
T	36.533518154	140.238390764	176.4		
T	36.533488489	140.238423062	176.3		
T	36.533451628	140.238449302	176.1		
T	36.533418855	140.238465828	175.9		
T	36.533377949	140.238474653	175.7		
T	36.533330175	140.238472368	175.5		
T	36.533284940	140.238461637	175.8		
T	36.533247652	140.238440393	175.9		
T	36.533193629	140.238385829	175.9		
T	36.533094805	140.238250281	175.9		
T	36.532411983	140.237319287	176.5		
T	36.531477235	140.236045346	176.0		
T	36.530493523	140.234706403	172.1		
T	36.529113033	140.232829436	163.8		
T	36.528625413	140.232165327	154.7		
T	36.528576654	140.232102415	155.0		
T	36.528552201	140.232062425	155.2		
T	36.528533337	140.232013200	155.2		
T	36.528528182	140.231976497	155.1		
T	36.528528464	140.231914177	154.8		
T	36.528539916	140.231869161	154.5		
T	36.528555880	140.231824173	154.3		
T	36.528578900	140.231789070	154.0		
T	36.528812961	140.231625640	155.5		
T	36.529013930	140.231485029	156.9		
T	36.530030815	140.230779636	149.8		
T	36.530080230	140.230738634	149.7		
T	36.530111787	140.230691878	149.5		
T	36.530140107	140.230633972	149.3		
T	36.530170720	140.230533260	149.0		
T	36.530385542	140.229866971	151.6		
T	36.530400279	140.229795268	151.8		
T	36.530415099	140.229684490	151.8		
T	36.530420843	140.229542561	151.4		
T	36.530422747	140.229456112	151.1		
T	36.530417345	140.229386139	150.5		
T	36.530399435	140.229315041	149.6		
T	36.530371713	140.229255335	148.5		
T	36.530334409	140.229200312	147.4		
T	36.530258219	140.229121806	146.1		
T	36.530216540	140.229077894	146.4		
T	36.530196802	140.229039143	146.4		
T	36.530182064	140.228996798	146.5		
T	36.530172888	140.228953570	146.5		
T	36.530169698	140.228899087	146.4		
T	36.530175166	140.228856408	147.0		
T	36.530186761	140.228808044	147.8		
T	36.530206640	140.228767145	148.4		
T	36.530237702	140.228723576	149.1		
T	36.530279975	140.228683552	149.7		
T	36.530708761	140.228390514	156.1		
T	36.531478215	140.227864912	154.4		
T	36.532720108	140.227016871	154.6		
T	36.533036643	140.226803458	154.5		
