type	latitude	longitude	altitude (m)	name	desc
T	51.360272326	0.260061121	128.7	Brands Hatch Indy Outer	
T	51.360519922	0.260892860	130.5		
T	51.360653565	0.261364748	132.1		
T	51.360708410	0.261566095	132.6		
T	51.360757005	0.261763987	132.6		
T	51.360810004	0.262012251	132.4		
T	51.360860332	0.262274142	132.1		
T	51.360888092	0.262443589	132.0		
T	51.360911860	0.262655196	131.6		
T	51.360937029	0.262959636	131.0		
T	51.360945090	0.263130358	130.5		
T	51.360942882	0.263316836	129.6		
T	51.360917299	0.263543466	129.0		
T	51.360892685	0.263717061	127.8		
T	51.360855789	0.263875846	126.3		
T	51.360825896	0.263978828	125.6		
T	51.360787905	0.264070897	124.9		
T	51.360742423	0.264160557	124.0		
T	51.360664848	0.264265375	123.0		
T	51.360583879	0.264353717	121.7		
T	51.360546101	0.264390966	121.0		
T	51.360485295	0.264443415	119.7		
T	51.360414625	0.264491892	118.4		
T	51.360319514	0.264547259	116.7		
T	51.360215870	0.264597408	115.7		
T	51.360110665	0.264634260	115.2		
T	51.359606200	0.264701817	117.2		
T	51.359385445	0.264716852	119.6		
T	51.359259654	0.264709813	121.0		
T	51.358963871	0.264688208	124.9		
T	51.358458454	0.264640217	131.0		
T	51.358342312	0.264629846	132.5		
T	51.358284555	0.264628617	133.1		
T	51.358233283	0.264617587	133.5		
T	51.358194213	0.264603652	133.8		
T	51.358145108	0.264579194	134.2		
T	51.358082204	0.264535552	134.7		
T	51.358041597	0.264494291	135.1		
T	51.357997010	0.264427485	135.4		
T	51.357959791	0.264349780	135.5		
T	51.357935718	0.264273190	135.5		
T	51.357917462	0.264187893	135.5		
T	51.357908874	0.264114216	135.5		
T	51.357910569	0.264000453	135.3		
T	51.357920203	0.263922188	135.0		
T	51.357937729	0.263851169	134.7		
T	51.357958639	0.263787077	134.4		
T	51.357988106	0.263727153	134.0		
T	51.358028086	0.263652692	133.4		
T	51.358066015	0.263601796	132.9		
T	51.358095174	0.263574932	132.7		
T	51.358120042	0.263554234	132.5		
T	51.358146743	0.263539421	132.2		
T	51.358183158	0.263522662	131.8		
T	51.358218626	0.263512162	131.4		
T	51.358252024	0.263510184	131.0		
T	51.358298466	0.263506358	130.4		
T	51.358379880	0.263500954	129.5		
T	51.358633425	0.263482738	126.8		
T	51.358781851	0.263474708	125.5		
T	51.358858138	0.263476296	124.8		
T	51.359051003	0.263460194	122.8		
T	51.359205065	0.263443508	121.2		
T	51.359264880	0.263431626	120.5		
T	51.359348969	0.263395294	119.4		
T	51.359464661	0.263318540	118.0		
T	51.359587472	0.263239131	117.8		
T	51.359711097	0.263146717	117.4		
T	51.359827981	0.263059528	117.4		
T	51.359865579	0.263020350	117.5		
T	51.359912135	0.262927158	117.7		
T	51.359934276	0.262864160	117.8		
T	51.359950360	0.262794535	117.8		
T	51.359956111	0.262742528	117.9		
T	51.359955582	0.262680925	117.9		
T	51.359952769	0.262611678	117.9		
T	51.359944987	0.262552006	118.0		
T	51.359820453	0.261805672	119.4		
T	51.359695755	0.261054938	121.0		
T	51.359643251	0.260830103	121.3		
T	51.359570467	0.260557390	122.0		
T	51.359330013	0.259818311	123.9		
T	51.359133625	0.259247004	125.0		
T	51.359028257	0.258984744	126.0		
T	51.358920821	0.258789211	126.1		
T	51.358848487	0.258694779	126.3		
T	51.358716497	0.258571788	127.3		
T	51.358620253	0.258504074	127.9		
T	51.358529160	0.258463162	128.4		
T	51.358486867	0.258456433	128.6		
T	51.358422312	0.258462130	129.0		
T	51.358348278	0.258469636	129.4		
T	51.358271004	0.258470960	129.9		
T	51.358202902	0.258473514	130.4		
T	51.358154430	0.258473175	130.8		
T	51.358055811	0.258471322	131.5		
T	51.357960532	0.258451012	131.9		
T	51.357873117	0.258411074	132.1		
T	51.357814765	0.258376593	132.2		
T	51.357750035	0.258330189	132.3		
T	51.357663125	0.258248322	133.0		
T	51.357495552	0.258069170	133.1		
T	51.357367281	0.257891267	134.7		
T	51.357298375	0.257768698	135.5		
T	51.357268575	0.257707594	135.9		
T	51.357231174	0.257623866	136.5		
T	51.357206358	0.257534498	137.0		
T	51.357193642	0.257456618	137.4		
T	51.357190205	0.257394522	137.7		
T	51.357191297	0.257345786	137.8		
T	51.357202392	0.257216449	138.1		
T	51.357213452	0.257123233	138.1		
T	51.357231696	0.257014253	138.0		
T	51.357262534	0.256915592	138.0		
T	51.357297670	0.256837620	138.1		
T	51.357336520	0.256761961	138.2		
T	51.357361294	0.256720216	138.3		
T	51.357391615	0.256672748	138.4		
T	51.357439760	0.256607094	138.3		
T	51.357483249	0.256562989	138.1		
T	51.357531374	0.256520953	137.8		
T	51.357567279	0.256491319	137.5		
T	51.357606811	0.256461395	137.2		
T	51.357651617	0.256436283	136.9		
T	51.357700939	0.256409010	136.6		
T	51.357767021	0.256381544	136.1		
T	51.357836649	0.256360196	135.4		
T	51.357934479	0.256340926	134.5		
T	51.358014096	0.256344022	133.7		
T	51.358094424	0.256358998	133.1		
T	51.358188531	0.256381838	132.6		
T	51.358248178	0.256405598	132.3		
T	51.358376727	0.256463215	131.8		
T	51.358520565	0.256538196	131.8		
T	51.358627807	0.256613352	131.5		
T	51.358740551	0.256699537	131.8		
T	51.358888070	0.256828780	132.4		
T	51.359011175	0.256957798	133.3		
T	51.359109332	0.257075787	133.9		
T	51.359204390	0.257213092	134.2		
T	51.359323933	0.257401212	133.6		
T	51.359406578	0.257558096	133.5		
T	51.359516423	0.257803022	133.3		
T	51.359630942	0.258090412	132.2		
T	51.359693790	0.258245092	132.1		
T	51.359738971	0.258361118	132.0		
T	51.359807148	0.258556826	131.6		
T	51.359886305	0.258790367	131.0		
T	51.359960468	0.259016641	130.3		
T	51.360048663	0.259299350	130.3		
T	51.360120529	0.259538348	129.9		
T	51.360204429	0.259825206	128.8		
T	51.360248515	0.259980370	128.8		
T	51.360272326	0.260061121	128.7		
